-15 -21.0116
-14.8875 -20.8985
-14.775 -20.7853
-14.6625 -20.6721
-14.55 -20.5589
-14.4375 -20.4458
-14.325 -20.3326
-14.2125 -20.2194
-14.1 -20.1061
-13.9875 -19.9929
-13.875 -19.8797
-13.7625 -19.7664
-13.65 -19.6532
-13.5375 -19.5399
-13.425 -19.4266
-13.3125 -19.3133
-13.2 -19.2
-13.0875 -19.0867
-12.975 -18.9733
-12.8625 -18.86
-12.75 -18.7466
-12.6375 -18.6333
-12.525 -18.5199
-12.4125 -18.4065
-12.3 -18.2931
-12.1875 -18.1796
-12.075 -18.0662
-11.9625 -17.9527
-11.85 -17.8393
-11.7375 -17.7258
-11.625 -17.6123
-11.5125 -17.4988
-11.4 -17.3852
-11.2875 -17.2717
-11.175 -17.1581
-11.0625 -17.0445
-10.95 -16.9309
-10.8375 -16.8173
-10.725 -16.7037
-10.6125 -16.59
-10.5 -16.4763
-10.3875 -16.3627
-10.275 -16.2489
-10.1625 -16.1352
-10.05 -16.0215
-9.9375 -15.9077
-9.825 -15.7939
-9.7125 -15.6801
-9.6 -15.5662
-9.4875 -15.4523
-9.375 -15.3384
-9.2625 -15.2245
-9.15 -15.1106
-9.0375 -14.9967
-8.925 -14.8827
-8.8125 -14.7687
-8.7 -14.6547
-8.5875 -14.5406
-8.475 -14.4265
-8.3625 -14.3124
-8.25 -14.1983
-8.1375 -14.0841
-8.025 -13.9699
-7.9125 -13.8557
-7.8 -13.7415
-7.6875 -13.6272
-7.575 -13.5129
-7.4625 -13.3985
-7.35 -13.2841
-7.2375 -13.1697
-7.125 -13.0553
-7.0125 -12.9408
-6.9 -12.8262
-6.7875 -12.7117
-6.675 -12.5971
-6.5625 -12.4825
-6.45 -12.3678
-6.3375 -12.2531
-6.225 -12.1384
-6.1125 -12.0236
-6 -11.9088
-5.8875 -11.794
-5.775 -11.6791
-5.6625 -11.5642
-5.55 -11.4493
-5.4375 -11.3343
-5.325 -11.2193
-5.2125 -11.1043
-5.1 -10.9892
-4.9875 -10.8742
-4.875 -10.7591
-4.7625 -10.644
-4.65 -10.529
-4.5375 -10.4139
-4.425 -10.2988
-4.3125 -10.1838
-4.2 -10.0688
-4.0875 -9.95383
-3.975 -9.83894
-3.8625 -9.72412
-3.75 -9.60941
-3.6375 -9.49483
-3.525 -9.38041
-3.4125 -9.26617
-3.3 -9.15216
-3.1875 -9.03843
-3.075 -8.92502
-2.9625 -8.81201
-2.85 -8.69945
-2.7375 -8.58745
-2.625 -8.4761
-2.5125 -8.36551
-2.4 -8.25582
-2.2875 -8.1472
-2.175 -8.03984
-2.0625 -7.93395
-1.95 -7.82979
-1.8375 -7.72766
-1.725 -7.6279
-1.6125 -7.5309
-1.5 -7.43709
-1.3875 -7.34696
-1.275 -7.26101
-1.1625 -7.17976
-1.05 -7.10369
-0.9375 -7.03316
-0.825 -6.96836
-0.7125 -6.90919
-0.6 -6.85509
-0.4875 -6.805
-0.375 -6.75731
-0.2625 -6.70999
-0.15 -6.66092
-0.0375 -6.60834
0.075 -6.55134
0.1875 -6.49009
0.3 -6.42585
0.4125 -6.36056
0.525 -6.29634
0.6375 -6.23511
0.75 -6.17831
0.8625 -6.12682
0.975 -6.08103
1.0875 -6.04094
1.2 -6.00629
1.3125 -5.97667
1.425 -5.95157
1.5375 -5.93048
1.65 -5.9129
1.7625 -5.89836
1.875 -5.88645
1.9875 -5.8768
2.1 -5.86906
2.2125 -5.86297
2.325 -5.85828
2.4375 -5.85477
2.55 -5.85228
2.6625 -5.85063
2.775 -5.84972
2.8875 -5.84942
3 -5.84963
3.1125 -5.85029
3.225 -5.85131
3.3375 -5.85264
3.45 -5.85423
3.5625 -5.85603
3.675 -5.85801
3.7875 -5.86014
3.9 -5.86238
4.0125 -5.86472
4.125 -5.86714
4.2375 -5.86961
4.35 -5.87213
4.4625 -5.87468
4.575 -5.87725
4.6875 -5.87982
4.8 -5.8824
4.9125 -5.88498
5.025 -5.88754
5.1375 -5.89009
5.25 -5.89262
5.3625 -5.89513
5.475 -5.89761
5.5875 -5.90007
5.7 -5.90249
5.8125 -5.90489
5.925 -5.90725
6.0375 -5.90958
6.15 -5.91187
6.2625 -5.91413
6.375 -5.91635
6.4875 -5.91853
6.6 -5.92068
6.7125 -5.9228
6.825 -5.92488
6.9375 -5.92692
7.05 -5.92893
7.1625 -5.93091
7.275 -5.93285
7.3875 -5.93475
7.5 -5.93663
7.6125 -5.93847
7.725 -5.94028
7.8375 -5.94205
7.95 -5.9438
8.0625 -5.94551
8.175 -5.9472
8.2875 -5.94885
8.4 -5.95048
8.5125 -5.95207
8.625 -5.95364
8.7375 -5.95519
8.85 -5.9567
8.9625 -5.95819
9.075 -5.95965
9.1875 -5.96109
9.3 -5.96251
9.4125 -5.9639
9.525 -5.96527
9.6375 -5.96661
9.75 -5.96793
9.8625 -5.96923
9.975 -5.97051
10.0875 -5.97177
10.2 -5.973
10.3125 -5.97422
10.425 -5.97542
10.5375 -5.9766
10.65 -5.97776
10.7625 -5.9789
10.875 -5.98002
10.9875 -5.98112
11.1 -5.98221
11.2125 -5.98328
11.325 -5.98434
11.4375 -5.98538
11.55 -5.9864
11.6625 -5.98741
11.775 -5.9884
11.8875 -5.98938
12 -5.99034
12.1125 -5.99129
12.225 -5.99222
12.3375 -5.99315
12.45 -5.99405
12.5625 -5.99495
12.675 -5.99583
12.7875 -5.9967
12.9 -5.99756
13.0125 -5.9984
13.125 -5.99924
13.2375 -6.00006
13.35 -6.00087
13.4625 -6.00167
13.575 -6.00246
13.6875 -6.00323
13.8 -6.004
13.9125 -6.00476
14.025 -6.00551
14.1375 -6.00624
14.25 -6.00697
14.3625 -6.00769
14.475 -6.0084
14.5875 -6.0091
14.7 -6.00979
14.8125 -6.01047
14.925 -6.01114
15.0375 -6.01181
15.15 -6.01246
15.2625 -6.01311
15.375 -6.01375
15.4875 -6.01439
15.6 -6.01501
15.7125 -6.01563
15.825 -6.01624
15.9375 -6.01684
16.05 -6.01743
16.1625 -6.01802
16.275 -6.0186
16.3875 -6.01918
16.5 -6.01974
16.6125 -6.02031
16.725 -6.02086
16.8375 -6.02141
16.95 -6.02195
17.0625 -6.02248
17.175 -6.02301
17.2875 -6.02354
17.4 -6.02406
17.5125 -6.02457
17.625 -6.02507
17.7375 -6.02557
17.85 -6.02607
17.9625 -6.02656
18.075 -6.02704
18.1875 -6.02752
18.3 -6.028
18.4125 -6.02846
18.525 -6.02893
18.6375 -6.02939
18.75 -6.02984
18.8625 -6.03029
18.975 -6.03073
19.0875 -6.03117
19.2 -6.03161
19.3125 -6.03204
19.425 -6.03247
19.5375 -6.03289
19.65 -6.03331
19.7625 -6.03372
19.875 -6.03413
19.9875 -6.03454
20.1 -6.03494
20.2125 -6.03534
20.325 -6.03573
20.4375 -6.03612
20.55 -6.03651
20.6625 -6.03689
20.775 -6.03727
20.8875 -6.03764
21 -6.03801
21.1125 -6.03838
21.225 -6.03874
21.3375 -6.03911
21.45 -6.03946
21.5625 -6.03982
21.675 -6.04017
21.7875 -6.04052
21.9 -6.04086
22.0125 -6.0412
22.125 -6.04154
22.2375 -6.04187
22.35 -6.04221
22.4625 -6.04253
22.575 -6.04286
22.6875 -6.04318
22.8 -6.0435
22.9125 -6.04382
23.025 -6.04414
23.1375 -6.04445
23.25 -6.04476
23.3625 -6.04506
23.475 -6.04537
23.5875 -6.04567
23.7 -6.04597
23.8125 -6.04626
23.925 -6.04656
24.0375 -6.04685
24.15 -6.04713
24.2625 -6.04742
24.375 -6.0477
24.4875 -6.04799
24.6 -6.04826
24.7125 -6.04854
24.825 -6.04882
24.9375 -6.04909
25.05 -6.04936
25.1625 -6.04962
25.275 -6.04989
25.3875 -6.05015
25.5 -6.05041
25.6125 -6.05067
25.725 -6.05093
25.8375 -6.05119
25.95 -6.05144
26.0625 -6.05169
26.175 -6.05194
26.2875 -6.05219
26.4 -6.05243
26.5125 -6.05267
26.625 -6.05292
26.7375 -6.05315
26.85 -6.05339
26.9625 -6.05363
27.075 -6.05386
27.1875 -6.05409
27.3 -6.05432
27.4125 -6.05455
27.525 -6.05478
27.6375 -6.05501
27.75 -6.05523
27.8625 -6.05545
27.975 -6.05567
28.0875 -6.05589
28.2 -6.05611
28.3125 -6.05632
28.425 -6.05654
28.5375 -6.05675
28.65 -6.05696
28.7625 -6.05717
28.875 -6.05738
28.9875 -6.05758
29.1 -6.05779
29.2125 -6.05799
29.325 -6.05819
29.4375 -6.05839
29.55 -6.05859
29.6625 -6.05879
29.775 -6.05898
29.8875 -6.05918
30 -6.05937
