-15 -18.548
-14.8875 -18.4349
-14.775 -18.3218
-14.6625 -18.2086
-14.55 -18.0955
-14.4375 -17.9823
-14.325 -17.8691
-14.2125 -17.756
-14.1 -17.6428
-13.9875 -17.5296
-13.875 -17.4163
-13.7625 -17.3031
-13.65 -17.1899
-13.5375 -17.0766
-13.425 -16.9634
-13.3125 -16.8501
-13.2 -16.7368
-13.0875 -16.6235
-12.975 -16.5101
-12.8625 -16.3968
-12.75 -16.2834
-12.6375 -16.1701
-12.525 -16.0567
-12.4125 -15.9433
-12.3 -15.8298
-12.1875 -15.7164
-12.075 -15.6029
-11.9625 -15.4894
-11.85 -15.3759
-11.7375 -15.2624
-11.625 -15.1488
-11.5125 -15.0352
-11.4 -14.9216
-11.2875 -14.808
-11.175 -14.6944
-11.0625 -14.5807
-10.95 -14.4671
-10.8375 -14.3534
-10.725 -14.2397
-10.6125 -14.1259
-10.5 -14.0121
-10.3875 -13.8983
-10.275 -13.7845
-10.1625 -13.6706
-10.05 -13.5567
-9.9375 -13.4428
-9.825 -13.3289
-9.7125 -13.2149
-9.6 -13.1008
-9.4875 -12.9868
-9.375 -12.8727
-9.2625 -12.7585
-9.15 -12.6443
-9.0375 -12.5301
-8.925 -12.4158
-8.8125 -12.3015
-8.7 -12.1871
-8.5875 -12.0727
-8.475 -11.9583
-8.3625 -11.8437
-8.25 -11.7292
-8.1375 -11.6145
-8.025 -11.4998
-7.9125 -11.3851
-7.8 -11.2702
-7.6875 -11.1553
-7.575 -11.0404
-7.4625 -10.9253
-7.35 -10.8102
-7.2375 -10.6949
-7.125 -10.5796
-7.0125 -10.4642
-6.9 -10.3487
-6.7875 -10.2331
-6.675 -10.1174
-6.5625 -10.0016
-6.45 -9.88565
-6.3375 -9.76958
-6.225 -9.65336
-6.1125 -9.53701
-6 -9.4205
-5.8875 -9.30383
-5.775 -9.18699
-5.6625 -9.06997
-5.55 -8.95275
-5.4375 -8.83532
-5.325 -8.71768
-5.2125 -8.59979
-5.1 -8.48165
-4.9875 -8.36325
-4.875 -8.24454
-4.7625 -8.12553
-4.65 -8.00618
-4.5375 -7.88646
-4.425 -7.76635
-4.3125 -7.64581
-4.2 -7.52481
-4.0875 -7.40331
-3.975 -7.28127
-3.8625 -7.15863
-3.75 -7.03533
-3.6375 -6.91133
-3.525 -6.78655
-3.4125 -6.6609
-3.3 -6.53431
-3.1875 -6.40667
-3.075 -6.27786
-2.9625 -6.14777
-2.85 -6.01623
-2.7375 -5.88308
-2.625 -5.74813
-2.5125 -5.61113
-2.4 -5.47182
-2.2875 -5.3299
-2.175 -5.18498
-2.0625 -5.03664
-1.95 -4.88435
-1.8375 -4.7275
-1.725 -4.56534
-1.6125 -4.39698
-1.5 -4.22134
-1.3875 -4.0371
-1.275 -3.84271
-1.1625 -3.63627
-1.05 -3.41558
-0.9375 -3.17817
-0.825 -2.92142
-0.7125 -2.64311
-0.6 -2.34237
-0.4875 -2.02184
-0.375 -1.69141
-0.2625 -1.37359
-0.15 -1.10729
-0.0375 -0.940939
0.075 -0.90757
0.1875 -0.999836
0.3 -1.17606
0.4125 -1.38908
0.525 -1.60547
0.6375 -1.80755
0.75 -1.98837
0.8625 -2.1468
0.975 -2.28432
1.0875 -2.40337
1.2 -2.50655
1.3125 -2.59624
1.425 -2.67456
1.5375 -2.74327
1.65 -2.80385
1.7625 -2.85754
1.875 -2.90533
1.9875 -2.94809
2.1 -2.9865
2.2125 -3.02114
2.325 -3.05252
2.4375 -3.08103
2.55 -3.10704
2.6625 -3.13083
2.775 -3.15266
2.8875 -3.17275
3 -3.19129
3.1125 -3.20843
3.225 -3.22434
3.3375 -3.23912
3.45 -3.25288
3.5625 -3.26573
3.675 -3.27775
3.7875 -3.28901
3.9 -3.29958
4.0125 -3.30951
4.125 -3.31887
4.2375 -3.3277
4.35 -3.33604
4.4625 -3.34393
4.575 -3.35141
4.6875 -3.3585
4.8 -3.36524
4.9125 -3.37164
5.025 -3.37775
5.1375 -3.38356
5.25 -3.38911
5.3625 -3.39442
5.475 -3.39949
5.5875 -3.40434
5.7 -3.409
5.8125 -3.41346
5.925 -3.41774
6.0375 -3.42185
6.15 -3.42581
6.2625 -3.42962
6.375 -3.43328
6.4875 -3.43682
6.6 -3.44022
6.7125 -3.44351
6.825 -3.44668
6.9375 -3.44975
7.05 -3.45272
7.1625 -3.45558
7.275 -3.45836
7.3875 -3.46105
7.5 -3.46365
7.6125 -3.46618
7.725 -3.46863
7.8375 -3.47101
7.95 -3.47332
8.0625 -3.47556
8.175 -3.47774
8.2875 -3.47986
8.4 -3.48192
8.5125 -3.48392
8.625 -3.48587
8.7375 -3.48777
8.85 -3.48962
8.9625 -3.49143
9.075 -3.49318
9.1875 -3.4949
9.3 -3.49657
9.4125 -3.4982
9.525 -3.49979
9.6375 -3.50134
9.75 -3.50286
9.8625 -3.50434
9.975 -3.50579
10.0875 -3.5072
10.2 -3.50859
10.3125 -3.50994
10.425 -3.51126
10.5375 -3.51256
10.65 -3.51383
10.7625 -3.51507
10.875 -3.51628
10.9875 -3.51747
11.1 -3.51863
11.2125 -3.51977
11.325 -3.52089
11.4375 -3.52199
11.55 -3.52306
11.6625 -3.52412
11.775 -3.52515
11.8875 -3.52616
12 -3.52715
12.1125 -3.52813
12.225 -3.52909
12.3375 -3.53002
12.45 -3.53095
12.5625 -3.53185
12.675 -3.53274
12.7875 -3.53361
12.9 -3.53447
13.0125 -3.53531
13.125 -3.53614
13.2375 -3.53696
13.35 -3.53776
13.4625 -3.53854
13.575 -3.53932
13.6875 -3.54008
13.8 -3.54083
13.9125 -3.54156
14.025 -3.54229
14.1375 -3.543
14.25 -3.5437
14.3625 -3.54439
14.475 -3.54507
14.5875 -3.54574
14.7 -3.54639
14.8125 -3.54704
14.925 -3.54768
15.0375 -3.54831
15.15 -3.54893
15.2625 -3.54954
15.375 -3.55014
15.4875 -3.55073
15.6 -3.55131
15.7125 -3.55189
15.825 -3.55245
15.9375 -3.55301
16.05 -3.55356
16.1625 -3.55411
16.275 -3.55464
16.3875 -3.55517
16.5 -3.55569
16.6125 -3.5562
16.725 -3.55671
16.8375 -3.55721
16.95 -3.5577
17.0625 -3.55819
17.175 -3.55867
17.2875 -3.55914
17.4 -3.55961
17.5125 -3.56007
17.625 -3.56053
17.7375 -3.56097
17.85 -3.56142
17.9625 -3.56186
18.075 -3.56229
18.1875 -3.56272
18.3 -3.56314
18.4125 -3.56356
18.525 -3.56397
18.6375 -3.56437
18.75 -3.56478
18.8625 -3.56517
18.975 -3.56556
19.0875 -3.56595
19.2 -3.56633
19.3125 -3.56671
19.425 -3.56709
19.5375 -3.56746
19.65 -3.56782
19.7625 -3.56818
19.875 -3.56854
19.9875 -3.56889
20.1 -3.56924
20.2125 -3.56959
20.325 -3.56993
20.4375 -3.57026
20.55 -3.5706
20.6625 -3.57093
20.775 -3.57125
20.8875 -3.57158
21 -3.5719
21.1125 -3.57221
21.225 -3.57252
21.3375 -3.57283
21.45 -3.57314
21.5625 -3.57344
21.675 -3.57374
21.7875 -3.57404
21.9 -3.57433
22.0125 -3.57462
22.125 -3.57491
22.2375 -3.57519
22.35 -3.57547
22.4625 -3.57575
22.575 -3.57603
22.6875 -3.5763
22.8 -3.57657
22.9125 -3.57684
23.025 -3.5771
23.1375 -3.57736
23.25 -3.57762
23.3625 -3.57788
23.475 -3.57813
23.5875 -3.57839
23.7 -3.57864
23.8125 -3.57888
23.925 -3.57913
24.0375 -3.57937
24.15 -3.57961
24.2625 -3.57985
24.375 -3.58009
24.4875 -3.58032
24.6 -3.58055
24.7125 -3.58078
24.825 -3.58101
24.9375 -3.58123
25.05 -3.58146
25.1625 -3.58168
25.275 -3.5819
25.3875 -3.58211
25.5 -3.58233
25.6125 -3.58254
25.725 -3.58275
25.8375 -3.58296
25.95 -3.58317
26.0625 -3.58338
26.175 -3.58358
26.2875 -3.58378
26.4 -3.58398
26.5125 -3.58418
26.625 -3.58438
26.7375 -3.58458
26.85 -3.58477
26.9625 -3.58496
27.075 -3.58515
27.1875 -3.58534
27.3 -3.58553
27.4125 -3.58572
27.525 -3.5859
27.6375 -3.58608
27.75 -3.58626
27.8625 -3.58644
27.975 -3.58662
28.0875 -3.5868
28.2 -3.58698
28.3125 -3.58715
28.425 -3.58732
28.5375 -3.58749
28.65 -3.58766
28.7625 -3.58783
28.875 -3.588
28.9875 -3.58817
29.1 -3.58833
29.2125 -3.58842
29.325 -3.58866
29.4375 -3.58882
29.55 -3.58898
29.6625 -3.58913
29.775 -3.58929
29.8875 -3.58945
30 -3.5896
