-15 -17.7259
-14.8875 -17.6127
-14.775 -17.4995
-14.6625 -17.3863
-14.55 -17.2731
-14.4375 -17.1599
-14.325 -17.0466
-14.2125 -16.9334
-14.1 -16.8201
-13.9875 -16.7068
-13.875 -16.5935
-13.7625 -16.4802
-13.65 -16.3669
-13.5375 -16.2535
-13.425 -16.1401
-13.3125 -16.0268
-13.2 -15.9134
-13.0875 -15.8
-12.975 -15.6865
-12.8625 -15.5731
-12.75 -15.4596
-12.6375 -15.3462
-12.525 -15.2327
-12.4125 -15.119
-12.3 -15.0055
-12.1875 -14.8919
-12.075 -14.7784
-11.9625 -14.6648
-11.85 -14.5512
-11.7375 -14.4375
-11.625 -14.3239
-11.5125 -14.2102
-11.4 -14.0965
-11.2875 -13.9827
-11.175 -13.869
-11.0625 -13.7552
-10.95 -13.6414
-10.8375 -13.5275
-10.725 -13.4137
-10.6125 -13.2998
-10.5 -13.1859
-10.3875 -13.0719
-10.275 -12.9579
-10.1625 -12.8439
-10.05 -12.7298
-9.9375 -12.6157
-9.825 -12.5016
-9.7125 -12.3874
-9.6 -12.2732
-9.4875 -12.1589
-9.375 -12.0447
-9.2625 -11.9303
-9.15 -11.8159
-9.0375 -11.7015
-8.925 -11.587
-8.8125 -11.4725
-8.7 -11.3579
-8.5875 -11.2433
-8.475 -11.1286
-8.3625 -11.0138
-8.25 -10.899
-8.1375 -10.7841
-8.025 -10.6691
-7.9125 -10.5541
-7.8 -10.439
-7.6875 -10.3238
-7.575 -10.2086
-7.4625 -10.0932
-7.35 -9.97775
-7.2375 -9.86221
-7.125 -9.74657
-7.0125 -9.63083
-6.9 -9.51497
-6.7875 -9.399
-6.675 -9.2829
-6.5625 -9.16668
-6.45 -9.05032
-6.3375 -8.93381
-6.225 -8.81715
-6.1125 -8.70033
-6 -8.58333
-5.8875 -8.46616
-5.775 -8.34879
-5.6625 -8.23121
-5.55 -8.11341
-5.4375 -7.99537
-5.325 -7.87709
-5.2125 -7.75854
-5.1 -7.63969
-4.9875 -7.52054
-4.875 -7.40106
-4.7625 -7.28122
-4.65 -7.16099
-4.5375 -7.04034
-4.425 -6.91925
-4.3125 -6.79766
-4.2 -6.67555
-4.0875 -6.55285
-3.975 -6.42953
-3.8625 -6.30552
-3.75 -6.18075
-3.6375 -6.05516
-3.525 -5.92865
-3.4125 -5.80115
-3.3 -5.67252
-3.1875 -5.54267
-3.075 -5.41144
-2.9625 -5.27868
-2.85 -5.1442
-2.7375 -5.00779
-2.625 -4.86919
-2.5125 -4.72812
-2.4 -4.58423
-2.2875 -4.43711
-2.175 -4.28628
-2.0625 -4.13114
-1.95 -3.971
-1.8375 -3.80498
-1.725 -3.63203
-1.6125 -3.45083
-1.5 -3.25974
-1.3875 -3.05668
-1.275 -2.83902
-1.1625 -2.60337
-1.05 -2.34534
-0.9375 -2.05923
-0.825 -1.73758
-0.7125 -1.3707
-0.6 -0.946172
-0.4875 -0.449011
-0.375 0.135469
-0.2625 0.808195
-0.15 1.50703
-0.0375 1.99791
0.075 1.95575
0.1875 1.4683
0.3 0.875702
0.4125 0.342804
0.525 -0.0987847
0.6375 -0.457471
0.75 -0.748731
0.8625 -0.986794
0.975 -1.18314
1.0875 -1.34665
1.2 -1.48416
1.3125 -1.60089
1.425 -1.70085
1.5375 -1.78715
1.65 -1.86224
1.7625 -1.92803
1.875 -1.98603
1.9875 -2.03748
2.1 -2.08337
2.2125 -2.1245
2.325 -2.16154
2.4375 -2.19503
2.55 -2.22544
2.6625 -2.25315
2.775 -2.27849
2.8875 -2.30173
3 -2.32312
3.1125 -2.34285
3.225 -2.3611
3.3375 -2.37803
3.45 -2.39377
3.5625 -2.40843
3.675 -2.42212
3.7875 -2.43493
3.9 -2.44694
4.0125 -2.45821
4.125 -2.46882
4.2375 -2.47881
4.35 -2.48825
4.4625 -2.49716
4.575 -2.50561
4.6875 -2.51361
4.8 -2.5212
4.9125 -2.52842
5.025 -2.53529
5.1375 -2.54184
5.25 -2.54808
5.3625 -2.55405
5.475 -2.55975
5.5875 -2.5652
5.7 -2.57042
5.8125 -2.57543
5.925 -2.58024
6.0375 -2.58485
6.15 -2.58929
6.2625 -2.59355
6.375 -2.59766
6.4875 -2.60162
6.6 -2.60543
6.7125 -2.60912
6.825 -2.61267
6.9375 -2.6161
7.05 -2.61942
7.1625 -2.62263
7.275 -2.62574
7.3875 -2.62875
7.5 -2.63166
7.6125 -2.63448
7.725 -2.63722
7.8375 -2.63988
7.95 -2.64246
8.0625 -2.64497
8.175 -2.6474
8.2875 -2.64977
8.4 -2.65207
8.5125 -2.65431
8.625 -2.65649
8.7375 -2.65862
8.85 -2.66068
8.9625 -2.6627
9.075 -2.66466
9.1875 -2.66657
9.3 -2.66844
9.4125 -2.67026
9.525 -2.67204
9.6375 -2.67377
9.75 -2.67547
9.8625 -2.67712
9.975 -2.67874
10.0875 -2.68032
10.2 -2.68186
10.3125 -2.68337
10.425 -2.68485
10.5375 -2.6863
10.65 -2.68771
10.7625 -2.6891
10.875 -2.69045
10.9875 -2.69178
11.1 -2.69308
11.2125 -2.69435
11.325 -2.6956
11.4375 -2.69682
11.55 -2.69803
11.6625 -2.6992
11.775 -2.70035
11.8875 -2.70148
12 -2.70259
12.1125 -2.70368
12.225 -2.70475
12.3375 -2.7058
12.45 -2.70683
12.5625 -2.70784
12.675 -2.70883
12.7875 -2.70981
12.9 -2.71077
13.0125 -2.71171
13.125 -2.71264
13.2375 -2.71355
13.35 -2.71444
13.4625 -2.71532
13.575 -2.71618
13.6875 -2.71703
13.8 -2.71787
13.9125 -2.71869
14.025 -2.7195
14.1375 -2.7203
14.25 -2.72108
14.3625 -2.72185
14.475 -2.72261
14.5875 -2.72336
14.7 -2.72409
14.8125 -2.72482
14.925 -2.72553
15.0375 -2.72623
15.15 -2.72693
15.2625 -2.72761
15.375 -2.72828
15.4875 -2.72894
15.6 -2.72959
15.7125 -2.73024
15.825 -2.73087
15.9375 -2.7315
16.05 -2.73211
16.1625 -2.73272
16.275 -2.73332
16.3875 -2.73391
16.5 -2.73449
16.6125 -2.73507
16.725 -2.73563
16.8375 -2.73619
16.95 -2.73674
17.0625 -2.73729
17.175 -2.73783
17.2875 -2.73836
17.4 -2.73888
17.5125 -2.7394
17.625 -2.73991
17.7375 -2.74041
17.85 -2.74091
17.9625 -2.7414
18.075 -2.74188
18.1875 -2.74236
18.3 -2.74283
18.4125 -2.7433
18.525 -2.74376
18.6375 -2.74422
18.75 -2.74467
18.8625 -2.74511
18.975 -2.74555
19.0875 -2.74599
19.2 -2.74641
19.3125 -2.74684
19.425 -2.74726
19.5375 -2.74767
19.65 -2.74808
19.7625 -2.74849
19.875 -2.74889
19.9875 -2.74928
20.1 -2.74967
20.2125 -2.75006
20.325 -2.75044
20.4375 -2.75082
20.55 -2.7512
20.6625 -2.75157
20.775 -2.75193
20.8875 -2.75229
21 -2.75265
21.1125 -2.75301
21.225 -2.75336
21.3375 -2.7537
21.45 -2.75405
21.5625 -2.75439
21.675 -2.75327
21.7875 -2.75506
21.9 -2.75539
22.0125 -2.75571
22.125 -2.75603
22.2375 -2.75635
22.35 -2.75667
22.4625 -2.75698
22.575 -2.75729
22.6875 -2.7576
22.8 -2.7579
22.9125 -2.7582
23.025 -2.7585
23.1375 -2.75879
23.25 -2.75909
23.3625 -2.75938
23.475 -2.75966
23.5875 -2.75994
23.7 -2.76023
23.8125 -2.7605
23.925 -2.76078
24.0375 -2.76105
24.15 -2.76132
24.2625 -2.76159
24.375 -2.76186
24.4875 -2.76212
24.6 -2.76238
24.7125 -2.76264
24.825 -2.76289
24.9375 -2.76315
25.05 -2.7634
25.1625 -2.76365
25.275 -2.76389
25.3875 -2.76414
25.5 -2.76438
25.6125 -2.76462
25.725 -2.76486
25.8375 -2.76509
25.95 -2.76533
26.0625 -2.76556
26.175 -2.76579
26.2875 -2.76602
26.4 -2.76624
26.5125 -2.76647
26.625 -2.76669
26.7375 -2.76691
26.85 -2.76713
26.9625 -2.76735
27.075 -2.76756
27.1875 -2.76777
27.3 -2.76798
27.4125 -2.76819
27.525 -2.7684
27.6375 -2.76861
27.75 -2.76881
27.8625 -2.76901
27.975 -2.76922
28.0875 -2.76942
28.2 -2.76961
28.3125 -2.76981
28.425 -2.77
28.5375 -2.7702
28.65 -2.77039
28.7625 -2.77058
28.875 -2.77077
28.9875 -2.77096
29.1 -2.77114
29.2125 -2.77133
29.325 -2.77151
29.4375 -2.77169
29.55 -2.77187
29.6625 -2.77205
29.775 -2.77223
29.8875 -2.7724
30 -2.77258
