-15 -18.3888
-14.8875 -18.2754
-14.775 -18.1621
-14.6625 -18.0487
-14.55 -17.9353
-14.4375 -17.822
-14.325 -17.7085
-14.2125 -17.5951
-14.1 -17.4817
-13.9875 -17.3683
-13.875 -17.2548
-13.7625 -17.1413
-13.65 -17.0278
-13.5375 -16.9143
-13.425 -16.8008
-13.3125 -16.6872
-13.2 -16.5737
-13.0875 -16.4601
-12.975 -16.3465
-12.8625 -16.2329
-12.75 -16.1192
-12.6375 -16.0056
-12.525 -15.8919
-12.4125 -15.7782
-12.3 -15.6645
-12.1875 -15.5507
-12.075 -15.437
-11.9625 -15.3229
-11.85 -15.2091
-11.7375 -15.0953
-11.625 -14.9815
-11.5125 -14.8676
-11.4 -14.7537
-11.2875 -14.6398
-11.175 -14.5258
-11.0625 -14.4119
-10.95 -14.2979
-10.8375 -14.1838
-10.725 -14.0698
-10.6125 -13.9557
-10.5 -13.8416
-10.3875 -13.7274
-10.275 -13.6132
-10.1625 -13.499
-10.05 -13.3848
-9.9375 -13.2705
-9.825 -13.1562
-9.7125 -13.0418
-9.6 -12.9274
-9.4875 -12.813
-9.375 -12.6985
-9.2625 -12.584
-9.15 -12.4694
-9.0375 -12.3548
-8.925 -12.2402
-8.8125 -12.1255
-8.7 -12.0107
-8.5875 -11.8959
-8.475 -11.7811
-8.3625 -11.6662
-8.25 -11.5512
-8.1375 -11.4362
-8.025 -11.3211
-7.9125 -11.206
-7.8 -11.0908
-7.6875 -10.9755
-7.575 -10.8601
-7.4625 -10.7447
-7.35 -10.6292
-7.2375 -10.5137
-7.125 -10.398
-7.0125 -10.2823
-6.9 -10.1665
-6.7875 -10.0505
-6.675 -9.93454
-6.5625 -9.81844
-6.45 -9.70223
-6.3375 -9.58592
-6.225 -9.46949
-6.1125 -9.35296
-6 -9.2363
-5.8875 -9.11951
-5.775 -9.0026
-5.6625 -8.88555
-5.55 -8.76835
-5.4375 -8.65101
-5.325 -8.53351
-5.2125 -8.41584
-5.1 -8.29801
-4.9875 -8.17999
-4.875 -8.06179
-4.7625 -7.94338
-4.65 -7.82478
-4.5375 -7.70595
-4.425 -7.58689
-4.3125 -7.46759
-4.2 -7.34804
-4.0875 -7.22822
-3.975 -7.10812
-3.8625 -6.98772
-3.75 -6.86701
-3.6375 -6.74597
-3.525 -6.62457
-3.4125 -6.5028
-3.3 -6.38064
-3.1875 -6.25806
-3.075 -6.13504
-2.9625 -6.01155
-2.85 -5.88755
-2.7375 -5.76303
-2.625 -5.63795
-2.5125 -5.51226
-2.4 -5.38595
-2.2875 -5.25897
-2.175 -5.13128
-2.0625 -5.00285
-1.95 -4.87365
-1.8375 -4.74365
-1.725 -4.61284
-1.6125 -4.48123
-1.5 -4.34885
-1.3875 -4.21577
-1.275 -4.08215
-1.1625 -3.9482
-1.05 -3.8143
-0.9375 -3.68099
-0.825 -3.54909
-0.7125 -3.41972
-0.6 -3.29441
-0.4875 -3.17516
-0.375 -3.06435
-0.2625 -2.96466
-0.15 -2.87867
-0.0375 -2.80843
0.075 -2.755
0.1875 -2.71817
0.3 -2.69649
0.4125 -2.68769
0.525 -2.6891
0.6375 -2.69812
0.75 -2.71248
0.8625 -2.73034
0.975 -2.75032
1.0875 -2.7714
1.2 -2.79286
1.3125 -2.81424
1.425 -2.8352
1.5375 -2.85556
1.65 -2.87519
1.7625 -2.89403
1.875 -2.91207
1.9875 -2.9293
2.1 -2.94574
2.2125 -2.96142
2.325 -2.97637
2.4375 -2.99063
2.55 -3.00423
2.6625 -3.01721
2.775 -3.0296
2.8875 -3.04144
3 -3.05276
3.1125 -3.0636
3.225 -3.07397
3.3375 -3.08391
3.45 -3.09344
3.5625 -3.10258
3.675 -3.11135
3.7875 -3.11979
3.9 -3.12789
4.0125 -3.13569
4.125 -3.14319
4.2375 -3.15042
4.35 -3.15739
4.4625 -3.1641
4.575 -3.17058
4.6875 -3.17684
4.8 -3.18287
4.9125 -3.18871
5.025 -3.19435
5.1375 -3.1998
5.25 -3.20508
5.3625 -3.21019
5.475 -3.21514
5.5875 -3.21993
5.7 -3.22458
5.8125 -3.22908
5.925 -3.23346
6.0375 -3.2377
6.15 -3.24182
6.2625 -3.24581
6.375 -3.2497
6.4875 -3.25348
6.6 -3.25715
6.7125 -3.26072
6.825 -3.26419
6.9375 -3.26757
7.05 -3.27087
7.1625 -3.27407
7.275 -3.2772
7.3875 -3.28024
7.5 -3.28321
7.6125 -3.2861
7.725 -3.28892
7.8375 -3.29167
7.95 -3.29436
8.0625 -3.29698
8.175 -3.29954
8.2875 -3.30204
8.4 -3.30449
8.5125 -3.30687
8.625 -3.30921
8.7375 -3.31149
8.85 -3.31372
8.9625 -3.3159
9.075 -3.31804
9.1875 -3.32013
9.3 -3.32217
9.4125 -3.32418
9.525 -3.32614
9.6375 -3.32806
9.75 -3.32994
9.8625 -3.33178
9.975 -3.33359
10.0875 -3.33536
10.2 -3.33709
10.3125 -3.3388
10.425 -3.34047
10.5375 -3.3421
10.65 -3.34371
10.7625 -3.34529
10.875 -3.34684
10.9875 -3.34836
11.1 -3.34985
11.2125 -3.35131
11.325 -3.35275
11.4375 -3.35416
11.55 -3.35555
11.6625 -3.35692
11.775 -3.35826
11.8875 -3.35957
12 -3.36087
12.1125 -3.36214
12.225 -3.3634
12.3375 -3.36463
12.45 -3.36584
12.5625 -3.36703
12.675 -3.3682
12.7875 -3.36936
12.9 -3.37049
13.0125 -3.37161
13.125 -3.37271
13.2375 -3.37379
13.35 -3.37486
13.4625 -3.37591
13.575 -3.37694
13.6875 -3.37796
13.8 -3.37896
13.9125 -3.37995
14.025 -3.38092
14.1375 -3.38188
14.25 -3.38283
14.3625 -3.38376
14.475 -3.38468
14.5875 -3.38558
14.7 -3.38647
14.8125 -3.38735
14.925 -3.38822
15.0375 -3.38908
15.15 -3.38992
15.2625 -3.39075
15.375 -3.39157
15.4875 -3.39238
15.6 -3.39318
15.7125 -3.39397
15.825 -3.39475
15.9375 -3.39552
16.05 -3.39628
16.1625 -3.39703
16.275 -3.39776
16.3875 -3.39849
16.5 -3.39921
16.6125 -3.39992
16.725 -3.40063
16.8375 -3.40132
16.95 -3.402
17.0625 -3.40268
17.175 -3.40335
17.2875 -3.40401
17.4 -3.40466
17.5125 -3.4053
17.625 -3.40594
17.7375 -3.40657
17.85 -3.40719
17.9625 -3.4078
18.075 -3.40841
18.1875 -3.40901
18.3 -3.4096
18.4125 -3.41019
18.525 -3.41077
18.6375 -3.41134
18.75 -3.41191
18.8625 -3.41247
18.975 -3.41302
19.0875 -3.41357
19.2 -3.41411
19.3125 -3.41465
19.425 -3.41518
19.5375 -3.4157
19.65 -3.41622
19.7625 -3.41673
19.875 -3.41724
19.9875 -3.41774
20.1 -3.41824
20.2125 -3.41873
20.325 -3.41922
20.4375 -3.4197
20.55 -3.42018
20.6625 -3.41835
20.775 -3.42111
20.8875 -3.42158
21 -3.42203
21.1125 -3.42249
21.225 -3.42293
21.3375 -3.42338
21.45 -3.42382
21.5625 -3.42425
21.675 -3.42468
21.7875 -3.42511
21.9 -3.42553
22.0125 -3.42595
22.125 -3.42636
22.2375 -3.42677
22.35 -3.42718
22.4625 -3.42758
22.575 -3.42798
22.6875 -3.42838
22.8 -3.42877
22.9125 -3.42916
23.025 -3.42954
23.1375 -3.42992
23.25 -3.4303
23.3625 -3.43067
23.475 -3.43104
23.5875 -3.43141
23.7 -3.43177
23.8125 -3.43213
23.925 -3.43249
24.0375 -3.43284
24.15 -3.43319
24.2625 -3.43354
24.375 -3.43388
24.4875 -3.43422
24.6 -3.43456
24.7125 -3.4349
24.825 -3.43523
24.9375 -3.43556
25.05 -3.43589
25.1625 -3.43621
25.275 -3.43653
25.3875 -3.43685
25.5 -3.43717
25.6125 -3.43748
25.725 -3.43779
25.8375 -3.4381
25.95 -3.4384
26.0625 -3.43871
26.175 -3.43901
26.2875 -3.43931
26.4 -3.4396
26.5125 -3.4399
26.625 -3.44019
26.7375 -3.44047
26.85 -3.44076
26.9625 -3.44105
27.075 -3.44133
27.1875 -3.44161
27.3 -3.44188
27.4125 -3.44216
27.525 -3.44243
27.6375 -3.4427
27.75 -3.44297
27.8625 -3.44324
27.975 -3.4435
28.0875 -3.44376
28.2 -3.44402
28.3125 -3.44428
28.425 -3.44454
28.5375 -3.44479
28.65 -3.44505
28.7625 -3.4451
28.875 -3.44555
28.9875 -3.44579
29.1 -3.44604
29.2125 -3.44628
29.325 -3.44652
29.4375 -3.44676
29.55 -3.447
29.6625 -3.44724
29.775 -3.44747
29.8875 -3.44771
30 -3.44794
