-15 -18.3815
-14.8875 -18.2681
-14.775 -18.1547
-14.6625 -18.0413
-14.55 -17.9278
-14.4375 -17.8144
-14.325 -17.7009
-14.2125 -17.5874
-14.1 -17.4739
-13.9875 -17.3604
-13.875 -17.2469
-13.7625 -17.1333
-13.65 -17.0197
-13.5375 -16.9061
-13.425 -16.7925
-13.3125 -16.6789
-13.2 -16.5652
-13.0875 -16.4515
-12.975 -16.3379
-12.8625 -16.2241
-12.75 -16.1104
-12.6375 -15.9966
-12.525 -15.8829
-12.4125 -15.7691
-12.3 -15.6552
-12.1875 -15.5414
-12.075 -15.4275
-11.9625 -15.3133
-11.85 -15.1994
-11.7375 -15.0855
-11.625 -14.9715
-11.5125 -14.8575
-11.4 -14.7434
-11.2875 -14.6294
-11.175 -14.5153
-11.0625 -14.4012
-10.95 -14.287
-10.8375 -14.1729
-10.725 -14.0586
-10.6125 -13.9444
-10.5 -13.8301
-10.3875 -13.7158
-10.275 -13.6015
-10.1625 -13.4871
-10.05 -13.3726
-9.9375 -13.2582
-9.825 -13.1436
-9.7125 -13.0291
-9.6 -12.9145
-9.4875 -12.7999
-9.375 -12.6852
-9.2625 -12.5704
-9.15 -12.4556
-9.0375 -12.3408
-8.925 -12.2259
-8.8125 -12.1109
-8.7 -11.9959
-8.5875 -11.8809
-8.475 -11.7657
-8.3625 -11.6505
-8.25 -11.5353
-8.1375 -11.4199
-8.025 -11.3045
-7.9125 -11.1891
-7.8 -11.0735
-7.6875 -10.9579
-7.575 -10.8422
-7.4625 -10.7263
-7.35 -10.6104
-7.2375 -10.4945
-7.125 -10.3784
-7.0125 -10.2622
-6.9 -10.1459
-6.7875 -10.0295
-6.675 -9.91295
-6.5625 -9.7963
-6.45 -9.67953
-6.3375 -9.56263
-6.225 -9.44558
-6.1125 -9.32839
-6 -9.21105
-5.8875 -9.09354
-5.775 -8.97587
-5.6625 -8.85802
-5.55 -8.73999
-5.4375 -8.62176
-5.325 -8.50333
-5.2125 -8.38467
-5.1 -8.26579
-4.9875 -8.14666
-4.875 -8.02728
-4.7625 -7.90763
-4.65 -7.78769
-4.5375 -7.66744
-4.425 -7.54686
-4.3125 -7.42594
-4.2 -7.30465
-4.0875 -7.18297
-3.975 -7.06086
-3.8625 -6.9383
-3.75 -6.81525
-3.6375 -6.69168
-3.525 -6.56754
-3.4125 -6.4428
-3.3 -6.31739
-3.1875 -6.19126
-3.075 -6.06435
-2.9625 -5.93658
-2.85 -5.80788
-2.7375 -5.67815
-2.625 -5.54729
-2.5125 -5.41517
-2.4 -5.28166
-2.2875 -5.14661
-2.175 -5.00983
-2.0625 -4.87111
-1.95 -4.73022
-1.8375 -4.58689
-1.725 -4.4408
-1.6125 -4.29159
-1.5 -4.13888
-1.3875 -3.98222
-1.275 -3.82116
-1.1625 -3.65527
-1.05 -3.48418
-0.9375 -3.30774
-0.825 -3.1262
-0.7125 -2.94056
-0.6 -2.75306
-0.4875 -2.56775
-0.375 -2.39117
-0.2625 -2.23235
-0.15 -2.10192
-0.0375 -2.00956
0.075 -1.96066
0.1875 -1.95409
0.3 -1.98267
0.4125 -2.03605
0.525 -2.10393
0.6375 -2.17806
0.75 -2.25279
0.8625 -2.32474
0.975 -2.39215
1.0875 -2.45431
1.2 -2.51113
1.3125 -2.56287
1.425 -2.6099
1.5375 -2.6527
1.65 -2.6917
1.7625 -2.72732
1.875 -2.75996
1.9875 -2.78994
2.1 -2.81758
2.2125 -2.84313
2.325 -2.86681
2.4375 -2.88883
2.55 -2.90936
2.6625 -2.92854
2.775 -2.94652
2.8875 -2.96339
3 -2.97927
3.1125 -2.99424
3.225 -3.00839
3.3375 -3.02177
3.45 -3.03445
3.5625 -3.04649
3.675 -3.05793
3.7875 -3.06882
3.9 -3.07921
4.0125 -3.08911
4.125 -3.09858
4.2375 -3.10763
4.35 -3.11629
4.4625 -3.12459
4.575 -3.13256
4.6875 -3.1402
4.8 -3.14754
4.9125 -3.15461
5.025 -3.1614
5.1375 -3.16794
5.25 -3.17425
5.3625 -3.18033
5.475 -3.18619
5.5875 -3.19161
5.7 -3.19733
5.8125 -3.20262
5.925 -3.20773
6.0375 -3.21268
6.15 -3.21747
6.2625 -3.22211
6.375 -3.22661
6.4875 -3.23097
6.6 -3.2352
6.7125 -3.23931
6.825 -3.24329
6.9375 -3.24716
7.05 -3.25092
7.1625 -3.25458
7.275 -3.25813
7.3875 -3.26159
7.5 -3.26496
7.6125 -3.26823
7.725 -3.27142
7.8375 -3.27453
7.95 -3.27756
8.0625 -3.28051
8.175 -3.28339
8.2875 -3.2862
8.4 -3.28894
8.5125 -3.29162
8.625 -3.29423
8.7375 -3.29678
8.85 -3.29927
8.9625 -3.3017
9.075 -3.30408
9.1875 -3.3064
9.3 -3.30868
9.4125 -3.3109
9.525 -3.31307
9.6375 -3.3152
9.75 -3.31729
9.8625 -3.31933
9.975 -3.32132
10.0875 -3.32328
10.2 -3.3252
10.3125 -3.32707
10.425 -3.32891
10.5375 -3.33072
10.65 -3.33249
10.7625 -3.33422
10.875 -3.33592
10.9875 -3.33759
11.1 -3.33923
11.2125 -3.34083
11.325 -3.34241
11.4375 -3.34396
11.55 -3.34548
11.6625 -3.34697
11.775 -3.34844
11.8875 -3.34988
12 -3.35129
12.1125 -3.35268
12.225 -3.35405
12.3375 -3.35539
12.45 -3.35671
12.5625 -3.35801
12.675 -3.35928
12.7875 -3.36054
12.9 -3.36177
13.0125 -3.36299
13.125 -3.36418
13.2375 -3.36536
13.35 -3.36652
13.4625 -3.36766
13.575 -3.36878
13.6875 -3.36988
13.8 -3.37097
13.9125 -3.37204
14.025 -3.3731
14.1375 -3.37414
14.25 -3.37516
14.3625 -3.37617
14.475 -3.37716
14.5875 -3.37814
14.7 -3.3791
14.8125 -3.38005
14.925 -3.38099
15.0375 -3.38192
15.15 -3.38283
15.2625 -3.38373
15.375 -3.38461
15.4875 -3.38549
15.6 -3.38635
15.7125 -3.3872
15.825 -3.38804
15.9375 -3.38886
16.05 -3.38968
16.1625 -3.39049
16.275 -3.39128
16.3875 -3.39207
16.5 -3.39284
16.6125 -3.3936
16.725 -3.39436
16.8375 -3.3951
16.95 -3.39584
17.0625 -3.39657
17.175 -3.39728
17.2875 -3.39799
17.4 -3.39869
17.5125 -3.39938
17.625 -3.40007
17.7375 -3.40074
17.85 -3.40141
17.9625 -3.40207
18.075 -3.40272
18.1875 -3.40336
18.3 -3.404
18.4125 -3.40462
18.525 -3.40525
18.6375 -3.40586
18.75 -3.40647
18.8625 -3.40707
18.975 -3.40766
19.0875 -3.40824
19.2 -3.40882
19.3125 -3.4094
19.425 -3.40996
19.5375 -3.41053
19.65 -3.41108
19.7625 -3.41163
19.875 -3.41217
19.9875 -3.41271
20.1 -3.41324
20.2125 -3.41376
20.325 -3.41187
20.4375 -3.4148
20.55 -3.41531
20.6625 -3.41581
20.775 -3.41631
20.8875 -3.4168
21 -3.41729
21.1125 -3.41777
21.225 -3.41825
21.3375 -3.41872
21.45 -3.41919
21.5625 -3.41966
21.675 -3.42011
21.7875 -3.42057
21.9 -3.42102
22.0125 -3.42147
22.125 -3.42191
22.2375 -3.42234
22.35 -3.42278
22.4625 -3.42321
22.575 -3.42363
22.6875 -3.42405
22.8 -3.42447
22.9125 -3.42488
23.025 -3.42529
23.1375 -3.42569
23.25 -3.42609
23.3625 -3.42649
23.475 -3.42689
23.5875 -3.42728
23.7 -3.42766
23.8125 -3.42805
23.925 -3.42842
24.0375 -3.4288
24.15 -3.42917
24.2625 -3.42954
24.375 -3.42991
24.4875 -3.43027
24.6 -3.43063
24.7125 -3.43099
24.825 -3.43134
24.9375 -3.43169
25.05 -3.43204
25.1625 -3.43238
25.275 -3.43272
25.3875 -3.43306
25.5 -3.4334
25.6125 -3.43373
25.725 -3.43406
25.8375 -3.43439
25.95 -3.43471
26.0625 -3.43503
26.175 -3.43535
26.2875 -3.43567
26.4 -3.43598
26.5125 -3.43629
26.625 -3.4366
26.7375 -3.43691
26.85 -3.43721
26.9625 -3.43751
27.075 -3.43781
27.1875 -3.43811
27.3 -3.4384
27.4125 -3.43869
27.525 -3.43898
27.6375 -3.43927
27.75 -3.43956
27.8625 -3.43984
27.975 -3.44012
28.0875 -3.4404
28.2 -3.44067
28.3125 -3.44095
28.425 -3.44122
28.5375 -3.44149
28.65 -3.44176
28.7625 -3.44202
28.875 -3.44229
28.9875 -3.44255
29.1 -3.44281
29.2125 -3.44306
29.325 -3.44332
29.4375 -3.44357
29.55 -3.44383
29.6625 -3.44408
29.775 -3.44432
29.8875 -3.44457
30 -3.44482
