-15 -18.5872
-14.8875 -18.4743
-14.775 -18.3614
-14.6625 -18.2486
-14.55 -18.1357
-14.4375 -18.0228
-14.325 -17.9099
-14.2125 -17.797
-14.1 -17.6841
-13.9875 -17.5712
-13.875 -17.4583
-13.7625 -17.3454
-13.65 -17.2324
-13.5375 -17.1195
-13.425 -17.0065
-13.3125 -16.8936
-13.2 -16.7806
-13.0875 -16.6676
-12.975 -16.5547
-12.8625 -16.4417
-12.75 -16.3287
-12.6375 -16.2157
-12.525 -16.1026
-12.4125 -15.9896
-12.3 -15.8766
-12.1875 -15.7635
-12.075 -15.6504
-11.9625 -15.5374
-11.85 -15.4243
-11.7375 -15.3112
-11.625 -15.1981
-11.5125 -15.0849
-11.4 -14.9717
-11.2875 -14.8586
-11.175 -14.7454
-11.0625 -14.6322
-10.95 -14.5191
-10.8375 -14.4059
-10.725 -14.2926
-10.6125 -14.1794
-10.5 -14.0662
-10.3875 -13.9529
-10.275 -13.8396
-10.1625 -13.7263
-10.05 -13.613
-9.9375 -13.4997
-9.825 -13.3864
-9.7125 -13.273
-9.6 -13.1596
-9.4875 -13.0462
-9.375 -12.9328
-9.2625 -12.8193
-9.15 -12.7058
-9.0375 -12.5923
-8.925 -12.4788
-8.8125 -12.3653
-8.7 -12.2517
-8.5875 -12.1381
-8.475 -12.0244
-8.3625 -11.9108
-8.25 -11.7971
-8.1375 -11.6834
-8.025 -11.5696
-7.9125 -11.4558
-7.8 -11.342
-7.6875 -11.2281
-7.575 -11.1142
-7.4625 -11.0002
-7.35 -10.8863
-7.2375 -10.7722
-7.125 -10.6581
-7.0125 -10.544
-6.9 -10.4298
-6.7875 -10.3156
-6.675 -10.2013
-6.5625 -10.0869
-6.45 -9.97249
-6.3375 -9.85801
-6.225 -9.74345
-6.1125 -9.62882
-6 -9.51411
-5.8875 -9.39933
-5.775 -9.28445
-5.6625 -9.16949
-5.55 -9.05443
-5.4375 -8.93926
-5.325 -8.82399
-5.2125 -8.70861
-5.1 -8.5931
-4.9875 -8.47746
-4.875 -8.36169
-4.7625 -8.24577
-4.65 -8.12969
-4.5375 -8.01345
-4.425 -7.89702
-4.3125 -7.78041
-4.2 -7.6636
-4.0875 -7.54657
-3.975 -7.42931
-3.8625 -7.3118
-3.75 -7.19402
-3.6375 -7.07596
-3.525 -6.95759
-3.4125 -6.83889
-3.3 -6.71984
-3.1875 -6.60042
-3.075 -6.48058
-2.9625 -6.36032
-2.85 -6.23958
-2.7375 -6.11836
-2.625 -5.9966
-2.5125 -5.87427
-2.4 -5.75135
-2.2875 -5.6278
-2.175 -5.50358
-2.0625 -5.37868
-1.95 -5.25307
-1.8375 -5.12674
-1.725 -4.99971
-1.6125 -4.87201
-1.5 -4.74371
-1.3875 -4.61493
-1.275 -4.48588
-1.1625 -4.35682
-1.05 -4.2282
-0.9375 -4.10061
-0.825 -3.97487
-0.7125 -3.85206
-0.6 -3.73361
-0.4875 -3.62123
-0.375 -3.51691
-0.2625 -3.42278
-0.15 -3.34081
-0.0375 -3.27252
0.075 -3.2187
0.1875 -3.17917
0.3 -3.1529
0.4125 -3.13816
0.525 -3.13289
0.6375 -3.13501
0.75 -3.14259
0.8625 -3.15401
0.975 -3.16798
1.0875 -3.1835
1.2 -3.19982
1.3125 -3.21641
1.425 -3.2329
1.5375 -3.24904
1.65 -3.26465
1.7625 -3.27963
1.875 -3.29393
1.9875 -3.30752
2.1 -3.32039
2.2125 -3.33256
2.325 -3.34406
2.4375 -3.35489
2.55 -3.36511
2.6625 -3.37474
2.775 -3.38382
2.8875 -3.39238
3 -3.40046
3.1125 -3.40807
3.225 -3.41527
3.3375 -3.42207
3.45 -3.4285
3.5625 -3.43458
3.675 -3.44035
3.7875 -3.44581
3.9 -3.451
4.0125 -3.45592
4.125 -3.46061
4.2375 -3.46506
4.35 -3.46931
4.4625 -3.47335
4.575 -3.47721
4.6875 -3.4809
4.8 -3.48442
4.9125 -3.48779
5.025 -3.49102
5.1375 -3.49411
5.25 -3.49708
5.3625 -3.49993
5.475 -3.50266
5.5875 -3.50529
5.7 -3.50782
5.8125 -3.51025
5.925 -3.5126
6.0375 -3.51486
6.15 -3.51704
6.2625 -3.51914
6.375 -3.52118
6.4875 -3.52314
6.6 -3.52504
6.7125 -3.52688
6.825 -3.52866
6.9375 -3.53038
7.05 -3.53205
7.1625 -3.53366
7.275 -3.53523
7.3875 -3.53676
7.5 -3.53823
7.6125 -3.53967
7.725 -3.54106
7.8375 -3.54242
7.95 -3.54374
8.0625 -3.54502
8.175 -3.54627
8.2875 -3.54748
8.4 -3.54867
8.5125 -3.54982
8.625 -3.55094
8.7375 -3.55204
8.85 -3.55311
8.9625 -3.55415
9.075 -3.55516
9.1875 -3.55615
9.3 -3.55712
9.4125 -3.55807
9.525 -3.55899
9.6375 -3.55989
9.75 -3.56077
9.8625 -3.56163
9.975 -3.56248
10.0875 -3.5633
10.2 -3.56411
10.3125 -3.5649
10.425 -3.56567
10.5375 -3.56642
10.65 -3.56716
10.7625 -3.56789
10.875 -3.56859
10.9875 -3.56929
11.1 -3.56997
11.2125 -3.57064
11.325 -3.57129
11.4375 -3.57193
11.55 -3.57256
11.6625 -3.57318
11.775 -3.57378
11.8875 -3.57438
12 -3.57496
12.1125 -3.57553
12.225 -3.57609
12.3375 -3.57664
12.45 -3.57718
12.5625 -3.57771
12.675 -3.57823
12.7875 -3.57874
12.9 -3.57924
13.0125 -3.57974
13.125 -3.58022
13.2375 -3.5807
13.35 -3.58117
13.4625 -3.58163
13.575 -3.58208
13.6875 -3.58253
13.8 -3.58296
13.9125 -3.5834
14.025 -3.58382
14.1375 -3.58424
14.25 -3.58465
14.3625 -3.58505
14.475 -3.58545
14.5875 -3.58584
14.7 -3.58622
14.8125 -3.5866
14.925 -3.58698
15.0375 -3.58734
15.15 -3.58771
15.2625 -3.58806
15.375 -3.58841
15.4875 -3.58876
15.6 -3.5891
15.7125 -3.58944
15.825 -3.58977
15.9375 -3.59009
16.05 -3.59041
16.1625 -3.59073
16.275 -3.59104
16.3875 -3.59135
16.5 -3.59165
16.6125 -3.59195
16.725 -3.59225
16.8375 -3.59254
16.95 -3.59283
17.0625 -3.59311
17.175 -3.59339
17.2875 -3.59366
17.4 -3.59394
17.5125 -3.5942
17.625 -3.59447
17.7375 -3.59473
17.85 -3.59499
17.9625 -3.59524
18.075 -3.59549
18.1875 -3.59574
18.3 -3.59599
18.4125 -3.59623
18.525 -3.59647
18.6375 -3.5967
18.75 -3.59693
18.8625 -3.59716
18.975 -3.59739
19.0875 -3.59761
19.2 -3.59784
19.3125 -3.59805
19.425 -3.59827
19.5375 -3.59848
19.65 -3.59869
19.7625 -3.5989
19.875 -3.59911
19.9875 -3.59931
20.1 -3.59951
20.2125 -3.59971
20.325 -3.59991
20.4375 -3.6001
20.55 -3.60029
20.6625 -3.60048
20.775 -3.60067
20.8875 -3.60086
21 -3.60104
21.1125 -3.60122
21.225 -3.6014
21.3375 -3.60158
21.45 -3.60175
21.5625 -3.60193
21.675 -3.6021
21.7875 -3.60227
21.9 -3.60244
22.0125 -3.6026
22.125 -3.60277
22.2375 -3.60293
22.35 -3.60309
22.4625 -3.60325
22.575 -3.60341
22.6875 -3.60356
22.8 -3.60372
22.9125 -3.60387
23.025 -3.60402
23.1375 -3.60417
23.25 -3.60432
23.3625 -3.60446
23.475 -3.60461
23.5875 -3.60475
23.7 -3.60489
23.8125 -3.60504
23.925 -3.60517
24.0375 -3.60531
24.15 -3.60545
24.2625 -3.60558
24.375 -3.60572
24.4875 -3.60585
24.6 -3.60598
24.7125 -3.60611
24.825 -3.60624
24.9375 -3.60637
25.05 -3.60649
25.1625 -3.60662
25.275 -3.60674
25.3875 -3.60687
25.5 -3.60699
25.6125 -3.60711
25.725 -3.60723
25.8375 -3.60734
25.95 -3.60746
26.0625 -3.60758
26.175 -3.60769
26.2875 -3.60781
26.4 -3.60792
26.5125 -3.60803
26.625 -3.60814
26.7375 -3.60825
26.85 -3.60836
26.9625 -3.60847
27.075 -3.60858
27.1875 -3.60868
27.3 -3.60879
27.4125 -3.60889
27.525 -3.60899
27.6375 -3.6091
27.75 -3.6092
27.8625 -3.6093
27.975 -3.6094
28.0875 -3.6095
28.2 -3.6096
28.3125 -3.60969
28.425 -3.60979
28.5375 -3.60989
28.65 -3.60998
28.7625 -3.61007
28.875 -3.61017
28.9875 -3.61026
29.1 -3.61035
29.2125 -3.61044
29.325 -3.61053
29.4375 -3.61062
29.55 -3.61071
29.6625 -3.6108
29.775 -3.61089
29.8875 -3.61097
30 -3.61106
