-15 -20.9926
-14.8875 -20.8793
-14.775 -20.766
-14.6625 -20.6526
-14.55 -20.5392
-14.4375 -20.4259
-14.325 -20.3125
-14.2125 -20.1991
-14.1 -20.0857
-13.9875 -19.9722
-13.875 -19.8588
-13.7625 -19.7453
-13.65 -19.6318
-13.5375 -19.5183
-13.425 -19.4048
-13.3125 -19.2913
-13.2 -19.1777
-13.0875 -19.0642
-12.975 -18.9506
-12.8625 -18.837
-12.75 -18.7234
-12.6375 -18.6097
-12.525 -18.4961
-12.4125 -18.3824
-12.3 -18.2687
-12.1875 -18.155
-12.075 -18.0412
-11.9625 -17.9275
-11.85 -17.8137
-11.7375 -17.6999
-11.625 -17.586
-11.5125 -17.4722
-11.4 -17.3583
-11.2875 -17.2444
-11.175 -17.1305
-11.0625 -17.0165
-10.95 -16.9025
-10.8375 -16.7885
-10.725 -16.6745
-10.6125 -16.5604
-10.5 -16.4463
-10.3875 -16.3322
-10.275 -16.218
-10.1625 -16.1038
-10.05 -15.9896
-9.9375 -15.8753
-9.825 -15.761
-9.7125 -15.6466
-9.6 -15.5322
-9.4875 -15.4178
-9.375 -15.3034
-9.2625 -15.1889
-9.15 -15.0744
-9.0375 -14.9598
-8.925 -14.8452
-8.8125 -14.7305
-8.7 -14.6158
-8.5875 -14.5011
-8.475 -14.3863
-8.3625 -14.2714
-8.25 -14.1565
-8.1375 -14.0415
-8.025 -13.9265
-7.9125 -13.8114
-7.8 -13.6963
-7.6875 -13.581
-7.575 -13.4658
-7.4625 -13.3504
-7.35 -13.235
-7.2375 -13.1195
-7.125 -13.0039
-7.0125 -12.8882
-6.9 -12.7725
-6.7875 -12.6567
-6.675 -12.5407
-6.5625 -12.4247
-6.45 -12.3086
-6.3375 -12.1924
-6.225 -12.0761
-6.1125 -11.9596
-6 -11.8431
-5.8875 -11.7264
-5.775 -11.6096
-5.6625 -11.4925
-5.55 -11.3757
-5.4375 -11.2584
-5.325 -11.1411
-5.2125 -11.0236
-5.1 -10.9059
-4.9875 -10.7881
-4.875 -10.6701
-4.7625 -10.5519
-4.65 -10.4335
-4.5375 -10.3149
-4.425 -10.1961
-4.3125 -10.077
-4.2 -9.95776
-4.0875 -9.83823
-3.975 -9.71845
-3.8625 -9.5984
-3.75 -9.47806
-3.6375 -9.35741
-3.525 -9.23645
-3.4125 -9.11516
-3.3 -8.99351
-3.1875 -8.87148
-3.075 -8.74907
-2.9625 -8.62625
-2.85 -8.50299
-2.7375 -8.37928
-2.625 -8.25509
-2.5125 -8.1304
-2.4 -8.00519
-2.2875 -7.87943
-2.175 -7.75312
-2.0625 -7.62624
-1.95 -7.49878
-1.8375 -7.37076
-1.725 -7.24219
-1.6125 -7.11312
-1.5 -6.98363
-1.3875 -6.85386
-1.275 -6.72401
-1.1625 -6.59436
-1.05 -6.46533
-0.9375 -6.33752
-0.825 -6.21171
-0.7125 -6.08899
-0.6 -5.97072
-0.4875 -5.85859
-0.375 -5.75454
-0.2625 -5.66066
-0.15 -5.57886
-0.0375 -5.51067
0.075 -5.45683
0.1875 -5.41718
0.3 -5.3907
0.4125 -5.3757
0.525 -5.37016
0.6375 -5.37205
0.75 -5.37947
0.8625 -5.39086
0.975 -5.40494
1.0875 -5.42074
1.2 -5.43753
1.3125 -5.45479
1.425 -5.47214
1.5375 -5.48933
1.65 -5.50619
1.7625 -5.5226
1.875 -5.53849
1.9875 -5.55383
2.1 -5.5686
2.2125 -5.58279
2.325 -5.59641
2.4375 -5.60948
2.55 -5.62202
2.6625 -5.63404
2.775 -5.64557
2.8875 -5.65662
3 -5.66724
3.1125 -5.67742
3.225 -5.6872
3.3375 -5.6966
3.45 -5.70563
3.5625 -5.71431
3.675 -5.72266
3.7875 -5.7307
3.9 -5.73845
4.0125 -5.74591
4.125 -5.7531
4.2375 -5.76004
4.35 -5.76673
4.4625 -5.7732
4.575 -5.77944
4.6875 -5.78547
4.8 -5.7913
4.9125 -5.79693
5.025 -5.80239
5.1375 -5.80767
5.25 -5.81278
5.3625 -5.81773
5.475 -5.82253
5.5875 -5.82719
5.7 -5.8317
5.8125 -5.83608
5.925 -5.84033
6.0375 -5.84446
6.15 -5.84847
6.2625 -5.85236
6.375 -5.85615
6.4875 -5.85983
6.6 -5.86341
6.7125 -5.8669
6.825 -5.87029
6.9375 -5.87359
7.05 -5.87681
7.1625 -5.87994
7.275 -5.88299
7.3875 -5.88597
7.5 -5.88887
7.6125 -5.8917
7.725 -5.89446
7.8375 -5.89716
7.95 -5.89979
8.0625 -5.90236
8.175 -5.90486
8.2875 -5.90732
8.4 -5.90971
8.5125 -5.91205
8.625 -5.91434
8.7375 -5.91658
8.85 -5.91877
8.9625 -5.92091
9.075 -5.923
9.1875 -5.92506
9.3 -5.92706
9.4125 -5.92903
9.525 -5.93096
9.6375 -5.93284
9.75 -5.93469
9.8625 -5.9365
9.975 -5.93828
10.0875 -5.94002
10.2 -5.94173
10.3125 -5.9434
10.425 -5.94504
10.5375 -5.94665
10.65 -5.94823
10.7625 -5.94978
10.875 -5.95131
10.9875 -5.9528
11.1 -5.95427
11.2125 -5.95571
11.325 -5.95713
11.4375 -5.95852
11.55 -5.95989
11.6625 -5.96123
11.775 -5.96255
11.8875 -5.96385
12 -5.96512
12.1125 -5.96638
12.225 -5.96761
12.3375 -5.96882
12.45 -5.97002
12.5625 -5.97119
12.675 -5.97235
12.7875 -5.97348
12.9 -5.9746
13.0125 -5.9757
13.125 -5.97679
13.2375 -5.97786
13.35 -5.97891
13.4625 -5.97994
13.575 -5.98096
13.6875 -5.98197
13.8 -5.98295
13.9125 -5.98393
14.025 -5.98489
14.1375 -5.98584
14.25 -5.98677
14.3625 -5.98769
14.475 -5.98859
14.5875 -5.98949
14.7 -5.99037
14.8125 -5.99124
14.925 -5.99209
15.0375 -5.99294
15.15 -5.99377
15.2625 -5.99459
15.375 -5.9954
15.4875 -5.9962
15.6 -5.99699
15.7125 -5.99777
15.825 -5.99854
15.9375 -5.9993
16.05 -6.00004
16.1625 -6.00078
16.275 -6.00151
16.3875 -6.00223
16.5 -6.00294
16.6125 -6.00365
16.725 -6.00434
16.8375 -6.00502
16.95 -6.0057
17.0625 -6.00637
17.175 -6.00703
17.2875 -6.00768
17.4 -6.00832
17.5125 -6.00896
17.625 -6.00959
17.7375 -6.01021
17.85 -6.01082
17.9625 -6.01143
18.075 -6.01203
18.1875 -6.01262
18.3 -6.01321
18.4125 -6.01379
18.525 -6.01436
18.6375 -6.01493
18.75 -6.01549
18.8625 -6.01604
18.975 -6.01659
19.0875 -6.01713
19.2 -6.01767
19.3125 -6.0182
19.425 -6.01872
19.5375 -6.01924
19.65 -6.01975
19.7625 -6.02026
19.875 -6.02076
19.9875 -6.02126
20.1 -6.02175
20.2125 -6.02223
20.325 -6.02271
20.4375 -6.02319
20.55 -6.02366
20.6625 -6.02413
20.775 -6.02459
20.8875 -6.02505
21 -6.0255
21.1125 -6.02595
21.225 -6.02639
21.3375 -6.02683
21.45 -6.02726
21.5625 -6.02769
21.675 -6.02812
21.7875 -6.02854
21.9 -6.02896
22.0125 -6.02937
22.125 -6.02978
22.2375 -6.03019
22.35 -6.03059
22.4625 -6.03099
22.575 -6.03138
22.6875 -6.03177
22.8 -6.03216
22.9125 -6.03254
23.025 -6.03292
23.1375 -6.0333
23.25 -6.03367
23.3625 -6.03404
23.475 -6.03441
23.5875 -6.03477
23.7 -6.03513
23.8125 -6.03549
23.925 -6.03584
24.0375 -6.03619
24.15 -6.03654
24.2625 -6.03688
24.375 -6.03722
24.4875 -6.03756
24.6 -6.03789
24.7125 -6.03823
24.825 -6.03856
24.9375 -6.03888
25.05 -6.03921
25.1625 -6.03953
25.275 -6.03984
25.3875 -6.04016
25.5 -6.04047
25.6125 -6.04078
25.725 -6.04109
25.8375 -6.0414
25.95 -6.0417
26.0625 -6.042
26.175 -6.0423
26.2875 -6.04259
26.4 -6.04288
26.5125 -6.04317
26.625 -6.04346
26.7375 -6.04375
26.85 -6.04403
26.9625 -6.04431
27.075 -6.04459
27.1875 -6.04487
27.3 -6.04514
27.4125 -6.04541
27.525 -6.04568
27.6375 -6.04595
27.75 -6.04622
27.8625 -6.04648
27.975 -6.04674
28.0875 -6.047
28.2 -6.04726
28.3125 -6.04752
28.425 -6.04777
28.5375 -6.04802
28.65 -6.04827
28.7625 -6.04852
28.875 -6.04877
28.9875 -6.04901
29.1 -6.04926
29.2125 -6.0495
29.325 -6.04974
29.4375 -6.04998
29.55 -6.05021
29.6625 -6.05045
29.775 -6.05068
29.8875 -6.05091
30 -6.05114
