-15 -19.6241
-14.8875 -19.5109
-14.775 -19.3978
-14.6625 -19.2846
-14.55 -19.1714
-14.4375 -19.0582
-14.325 -18.945
-14.2125 -18.8318
-14.1 -18.7185
-13.9875 -18.6053
-13.875 -18.492
-13.7625 -18.3788
-13.65 -18.2655
-13.5375 -18.1522
-13.425 -18.0389
-13.3125 -17.9256
-13.2 -17.8123
-13.0875 -17.6989
-12.975 -17.5856
-12.8625 -17.4722
-12.75 -17.3589
-12.6375 -17.2455
-12.525 -17.1321
-12.4125 -17.0186
-12.3 -16.9052
-12.1875 -16.7918
-12.075 -16.6783
-11.9625 -16.5648
-11.85 -16.4513
-11.7375 -16.3378
-11.625 -16.2243
-11.5125 -16.1108
-11.4 -15.9972
-11.2875 -15.8836
-11.175 -15.7701
-11.0625 -15.6564
-10.95 -15.5428
-10.8375 -15.429
-10.725 -15.3154
-10.6125 -15.2017
-10.5 -15.088
-10.3875 -14.9743
-10.275 -14.8606
-10.1625 -14.7468
-10.05 -14.633
-9.9375 -14.5192
-9.825 -14.4054
-9.7125 -14.2916
-9.6 -14.1777
-9.4875 -14.0638
-9.375 -13.9499
-9.2625 -13.836
-9.15 -13.722
-9.0375 -13.608
-8.925 -13.494
-8.8125 -13.38
-8.7 -13.2659
-8.5875 -13.1518
-8.475 -13.0377
-8.3625 -12.9235
-8.25 -12.8094
-8.1375 -12.6951
-8.025 -12.5809
-7.9125 -12.4666
-7.8 -12.3523
-7.6875 -12.238
-7.575 -12.1236
-7.4625 -12.0092
-7.35 -11.8947
-7.2375 -11.7802
-7.125 -11.6657
-7.0125 -11.5512
-6.9 -11.4366
-6.7875 -11.3219
-6.675 -11.2072
-6.5625 -11.0925
-6.45 -10.9778
-6.3375 -10.863
-6.225 -10.7482
-6.1125 -10.6333
-6 -10.5184
-5.8875 -10.4034
-5.775 -10.2884
-5.6625 -10.1734
-5.55 -10.0583
-5.4375 -9.94323
-5.325 -9.82809
-5.2125 -9.71292
-5.1 -9.59772
-4.9875 -9.4825
-4.875 -9.36725
-4.7625 -9.25198
-4.65 -9.13669
-4.5375 -9.0214
-4.425 -8.90611
-4.3125 -8.79083
-4.2 -8.67557
-4.0875 -8.56034
-3.975 -8.44515
-3.8625 -8.33002
-3.75 -8.21497
-3.6375 -8.10003
-3.525 -7.98521
-3.4125 -7.87055
-3.3 -7.75609
-3.1875 -7.64187
-3.075 -7.52794
-2.9625 -7.41435
-2.85 -7.30117
-2.7375 -7.1885
-2.625 -7.07641
-2.5125 -6.96502
-2.4 -6.85446
-2.2875 -6.74488
-2.175 -6.63647
-2.0625 -6.52944
-1.95 -6.42403
-1.8375 -6.32053
-1.725 -6.21927
-1.6125 -6.12063
-1.5 -6.02504
-1.3875 -5.93297
-1.275 -5.84493
-1.1625 -5.76144
-1.05 -5.68298
-0.9375 -5.60997
-0.825 -5.54263
-0.7125 -5.4809
-0.6 -5.42433
-0.4875 -5.37194
-0.375 -5.32224
-0.2625 -5.27332
-0.15 -5.22315
-0.0375 -5.17005
0.075 -5.11315
0.1875 -5.05263
0.3 -4.98967
0.4125 -4.92612
0.525 -4.86402
0.6375 -4.80516
0.75 -4.75087
0.8625 -4.70194
0.975 -4.65868
1.0875 -4.62105
1.2 -4.58873
1.3125 -4.5613
1.425 -4.53824
1.5375 -4.51903
1.65 -4.50319
1.7625 -4.49025
1.875 -4.4798
1.9875 -4.47147
2.1 -4.46495
2.2125 -4.45997
2.325 -4.45629
2.4375 -4.45371
2.55 -4.45206
2.6625 -4.4512
2.775 -4.45099
2.8875 -4.45135
3 -4.45217
3.1125 -4.45338
3.225 -4.45492
3.3375 -4.45672
3.45 -4.45875
3.5625 -4.46097
3.675 -4.46333
3.7875 -4.46581
3.9 -4.46839
4.0125 -4.47104
4.125 -4.47374
4.2375 -4.47649
4.35 -4.47926
4.4625 -4.48204
4.575 -4.48484
4.6875 -4.48762
4.8 -4.4904
4.9125 -4.49317
5.025 -4.49591
5.1375 -4.49863
5.25 -4.50132
5.3625 -4.50398
5.475 -4.5066
5.5875 -4.50919
5.7 -4.51175
5.8125 -4.51426
5.925 -4.51674
6.0375 -4.51918
6.15 -4.52158
6.2625 -4.52394
6.375 -4.52626
6.4875 -4.52854
6.6 -4.53078
6.7125 -4.53298
6.825 -4.53514
6.9375 -4.53726
7.05 -4.53935
7.1625 -4.54139
7.275 -4.5434
7.3875 -4.54538
7.5 -4.54732
7.6125 -4.54922
7.725 -4.55109
7.8375 -4.55292
7.95 -4.55472
8.0625 -4.55649
8.175 -4.55822
8.2875 -4.55993
8.4 -4.5616
8.5125 -4.56325
8.625 -4.56486
8.7375 -4.56645
8.85 -4.56801
8.9625 -4.56954
9.075 -4.57104
9.1875 -4.57252
9.3 -4.57397
9.4125 -4.5754
9.525 -4.5768
9.6375 -4.57818
9.75 -4.57953
9.8625 -4.58086
9.975 -4.58217
10.0875 -4.58346
10.2 -4.58473
10.3125 -4.58597
10.425 -4.5872
10.5375 -4.5884
10.65 -4.58959
10.7625 -4.59076
10.875 -4.5919
10.9875 -4.59303
11.1 -4.59415
11.2125 -4.59524
11.325 -4.59632
11.4375 -4.59738
11.55 -4.59842
11.6625 -4.59945
11.775 -4.60047
11.8875 -4.60146
12 -4.60245
12.1125 -4.60341
12.225 -4.60437
12.3375 -4.60531
12.45 -4.60623
12.5625 -4.60715
12.675 -4.60805
12.7875 -4.60893
12.9 -4.60981
13.0125 -4.61067
13.125 -4.61152
13.2375 -4.61235
13.35 -4.61318
13.4625 -4.61399
13.575 -4.6148
13.6875 -4.61559
13.8 -4.61637
13.9125 -4.61714
14.025 -4.6179
14.1375 -4.61865
14.25 -4.61939
14.3625 -4.62013
14.475 -4.62085
14.5875 -4.62156
14.7 -4.62226
14.8125 -4.62296
14.925 -4.62364
15.0375 -4.62432
15.15 -4.62498
15.2625 -4.62564
15.375 -4.62629
15.4875 -4.62694
15.6 -4.62757
15.7125 -4.6282
15.825 -4.62882
15.9375 -4.62943
16.05 -4.63004
16.1625 -4.63063
16.275 -4.63122
16.3875 -4.63181
16.5 -4.63238
16.6125 -4.63295
16.725 -4.63352
16.8375 -4.63407
16.95 -4.63462
17.0625 -4.63517
17.175 -4.6357
17.2875 -4.63624
17.4 -4.63676
17.5125 -4.63728
17.625 -4.6378
17.7375 -4.6383
17.85 -4.63881
17.9625 -4.6393
18.075 -4.63979
18.1875 -4.64028
18.3 -4.64076
18.4125 -4.64124
18.525 -4.64171
18.6375 -4.64217
18.75 -4.64264
18.8625 -4.64309
18.975 -4.64354
19.0875 -4.64399
19.2 -4.64443
19.3125 -4.64487
19.425 -4.6453
19.5375 -4.64573
19.65 -4.64615
19.7625 -4.64657
19.875 -4.64699
19.9875 -4.6474
20.1 -4.64781
20.2125 -4.64821
20.325 -4.64861
20.4375 -4.649
20.55 -4.6494
20.6625 -4.64978
20.775 -4.65017
20.8875 -4.65055
21 -4.65092
21.1125 -4.6513
21.225 -4.65167
21.3375 -4.65203
21.45 -4.65239
21.5625 -4.65275
21.675 -4.65311
21.7875 -4.65346
21.9 -4.65381
22.0125 -4.65416
22.125 -4.6545
22.2375 -4.65484
22.35 -4.65517
22.4625 -4.65551
22.575 -4.65584
22.6875 -4.65616
22.8 -4.65649
22.9125 -4.65681
23.025 -4.65713
23.1375 -4.65745
23.25 -4.65776
23.3625 -4.65807
23.475 -4.65838
23.5875 -4.65868
23.7 -4.65898
23.8125 -4.65928
23.925 -4.65958
24.0375 -4.65988
24.15 -4.66017
24.2625 -4.66046
24.375 -4.66074
24.4875 -4.66103
24.6 -4.66131
24.7125 -4.66159
24.825 -4.66187
24.9375 -4.66214
25.05 -4.66242
25.1625 -4.66269
25.275 -4.66296
25.3875 -4.66322
25.5 -4.66349
25.6125 -4.66375
25.725 -4.66401
25.8375 -4.66427
25.95 -4.66453
26.0625 -4.66478
26.175 -4.66503
26.2875 -4.66528
26.4 -4.66553
26.5125 -4.66578
26.625 -4.66602
26.7375 -4.66626
26.85 -4.6665
26.9625 -4.66674
27.075 -4.66698
27.1875 -4.66721
27.3 -4.66745
27.4125 -4.66768
27.525 -4.66791
27.6375 -4.66814
27.75 -4.66836
27.8625 -4.66859
27.975 -4.66881
28.0875 -4.66903
28.2 -4.66925
28.3125 -4.66947
28.425 -4.66968
28.5375 -4.6699
28.65 -4.67011
28.7625 -4.67032
28.875 -4.67053
28.9875 -4.67074
29.1 -4.67095
29.2125 -4.67116
29.325 -4.67136
29.4375 -4.67139
29.55 -4.67176
29.6625 -4.67196
29.775 -4.67216
29.8875 -4.67236
30 -4.67256
