-15 -19.6063
-14.8875 -19.493
-14.775 -19.3797
-14.6625 -19.2663
-14.55 -19.153
-14.4375 -19.0396
-14.325 -18.9262
-14.2125 -18.8128
-14.1 -18.6994
-13.9875 -18.5859
-13.875 -18.4725
-13.7625 -18.359
-13.65 -18.2455
-13.5375 -18.132
-13.425 -18.0185
-13.3125 -17.905
-13.2 -17.7914
-13.0875 -17.6779
-12.975 -17.5643
-12.8625 -17.4507
-12.75 -17.3371
-12.6375 -17.2234
-12.525 -17.1098
-12.4125 -16.9961
-12.3 -16.8824
-12.1875 -16.7687
-12.075 -16.6549
-11.9625 -16.5412
-11.85 -16.4274
-11.7375 -16.3136
-11.625 -16.1997
-11.5125 -16.0859
-11.4 -15.972
-11.2875 -15.8581
-11.175 -15.7442
-11.0625 -15.6302
-10.95 -15.516
-10.8375 -15.402
-10.725 -15.288
-10.6125 -15.1739
-10.5 -15.0598
-10.3875 -14.9457
-10.275 -14.8316
-10.1625 -14.7174
-10.05 -14.6031
-9.9375 -14.4889
-9.825 -14.3746
-9.7125 -14.2603
-9.6 -14.1459
-9.4875 -14.0315
-9.375 -13.9171
-9.2625 -13.8026
-9.15 -13.6881
-9.0375 -13.5735
-8.925 -13.4589
-8.8125 -13.3442
-8.7 -13.2295
-8.5875 -13.1148
-8.475 -13
-8.3625 -12.8851
-8.25 -12.7702
-8.1375 -12.6552
-8.025 -12.5402
-7.9125 -12.4251
-7.8 -12.31
-7.6875 -12.1948
-7.575 -12.0795
-7.4625 -11.9641
-7.35 -11.8487
-7.2375 -11.7332
-7.125 -11.6176
-7.0125 -11.5019
-6.9 -11.3862
-6.7875 -11.2704
-6.675 -11.1545
-6.5625 -11.0384
-6.45 -10.9223
-6.3375 -10.8061
-6.225 -10.6898
-6.1125 -10.5733
-6 -10.4568
-5.8875 -10.3401
-5.775 -10.2233
-5.6625 -10.1064
-5.55 -9.98936
-5.4375 -9.87216
-5.325 -9.7548
-5.2125 -9.6373
-5.1 -9.51963
-4.9875 -9.4018
-4.875 -9.28378
-4.7625 -9.16558
-4.65 -9.04718
-4.5375 -8.92859
-4.425 -8.80977
-4.3125 -8.69073
-4.2 -8.57146
-4.0875 -8.45194
-3.975 -8.33216
-3.8625 -8.21211
-3.75 -8.09176
-3.6375 -7.97112
-3.525 -7.85016
-3.4125 -7.72886
-3.3 -7.60721
-3.1875 -7.48519
-3.075 -7.36278
-2.9625 -7.23995
-2.85 -7.1167
-2.7375 -6.99298
-2.625 -6.86879
-2.5125 -6.7441
-2.4 -6.61889
-2.2875 -6.49314
-2.175 -6.36683
-2.0625 -6.23995
-1.95 -6.11249
-1.8375 -5.98446
-1.725 -5.85589
-1.6125 -5.72682
-1.5 -5.59734
-1.3875 -5.46757
-1.275 -5.33771
-1.1625 -5.20806
-1.05 -5.07904
-0.9375 -4.95122
-0.825 -4.82542
-0.7125 -4.70269
-0.6 -4.58442
-0.4875 -4.47229
-0.375 -4.36825
-0.2625 -4.27436
-0.15 -4.19257
-0.0375 -4.12438
0.075 -4.07053
0.1875 -4.03088
0.3 -4.0044
0.4125 -3.9894
0.525 -3.98387
0.6375 -3.98575
0.75 -3.99318
0.8625 -4.00457
0.975 -4.01865
1.0875 -4.03444
1.2 -4.05123
1.3125 -4.06849
1.425 -4.08585
1.5375 -4.10304
1.65 -4.1199
1.7625 -4.13631
1.875 -4.1522
1.9875 -4.16754
2.1 -4.1823
2.2125 -4.19649
2.325 -4.21012
2.4375 -4.22319
2.55 -4.23572
2.6625 -4.24774
2.775 -4.25927
2.8875 -4.27033
3 -4.28094
3.1125 -4.29113
3.225 -4.30091
3.3375 -4.3103
3.45 -4.31933
3.5625 -4.32801
3.675 -4.33637
3.7875 -4.34441
3.9 -4.35215
4.0125 -4.35962
4.125 -4.36681
4.2375 -4.37375
4.35 -4.38044
4.4625 -4.3869
4.575 -4.39314
4.6875 -4.39917
4.8 -4.405
4.9125 -4.41064
5.025 -4.41609
5.1375 -4.42137
5.25 -4.42649
5.3625 -4.43144
5.475 -4.43624
5.5875 -4.44089
5.7 -4.44541
5.8125 -4.44978
5.925 -4.45404
6.0375 -4.45816
6.15 -4.46217
6.2625 -4.46607
6.375 -4.46985
6.4875 -4.47354
6.6 -4.47712
6.7125 -4.4806
6.825 -4.48399
6.9375 -4.48729
7.05 -4.49051
7.1625 -4.49364
7.275 -4.4967
7.3875 -4.49967
7.5 -4.50258
7.6125 -4.50541
7.725 -4.50817
7.8375 -4.51086
7.95 -4.51349
8.0625 -4.51606
8.175 -4.51857
8.2875 -4.52102
8.4 -4.52342
8.5125 -4.52576
8.625 -4.52805
8.7375 -4.53028
8.85 -4.53247
8.9625 -4.53461
9.075 -4.53671
9.1875 -4.53876
9.3 -4.54077
9.4125 -4.54274
9.525 -4.54466
9.6375 -4.54655
9.75 -4.5484
9.8625 -4.55021
9.975 -4.55198
10.0875 -4.55372
10.2 -4.55543
10.3125 -4.55711
10.425 -4.55875
10.5375 -4.56036
10.65 -4.56194
10.7625 -4.56349
10.875 -4.56501
10.9875 -4.56651
11.1 -4.56798
11.2125 -4.56942
11.325 -4.57083
11.4375 -4.57223
11.55 -4.57359
11.6625 -4.57494
11.775 -4.57626
11.8875 -4.57755
12 -4.57883
12.1125 -4.58008
12.225 -4.58132
12.3375 -4.58253
12.45 -4.58372
12.5625 -4.5849
12.675 -4.58605
12.7875 -4.58719
12.9 -4.58831
13.0125 -4.58941
13.125 -4.59049
13.2375 -4.59156
13.35 -4.59261
13.4625 -4.59365
13.575 -4.59467
13.6875 -4.59567
13.8 -4.59666
13.9125 -4.59764
14.025 -4.5986
14.1375 -4.59954
14.25 -4.60047
14.3625 -4.60139
14.475 -4.6023
14.5875 -4.60319
14.7 -4.60407
14.8125 -4.60494
14.925 -4.6058
15.0375 -4.60664
15.15 -4.60748
15.2625 -4.6083
15.375 -4.60911
15.4875 -4.60991
15.6 -4.6107
15.7125 -4.61147
15.825 -4.61224
15.9375 -4.613
16.05 -4.61375
16.1625 -4.61449
16.275 -4.61522
16.3875 -4.61594
16.5 -4.61665
16.6125 -4.61735
16.725 -4.61804
16.8375 -4.61873
16.95 -4.61941
17.0625 -4.62007
17.175 -4.62073
17.2875 -4.62139
17.4 -4.62203
17.5125 -4.62267
17.625 -4.62329
17.7375 -4.62392
17.85 -4.62453
17.9625 -4.62514
18.075 -4.62574
18.1875 -4.62633
18.3 -4.62691
18.4125 -4.62749
18.525 -4.62807
18.6375 -4.62863
18.75 -4.62919
18.8625 -4.62975
18.975 -4.63029
19.0875 -4.63084
19.2 -4.63137
19.3125 -4.6319
19.425 -4.63242
19.5375 -4.63294
19.65 -4.63346
19.7625 -4.63396
19.875 -4.63446
19.9875 -4.63496
20.1 -4.63545
20.2125 -4.63594
20.325 -4.63642
20.4375 -4.6369
20.55 -4.63737
20.6625 -4.63783
20.775 -4.63829
20.8875 -4.63875
21 -4.6392
21.1125 -4.63965
21.225 -4.64009
21.3375 -4.64053
21.45 -4.64097
21.5625 -4.6414
21.675 -4.64182
21.7875 -4.64225
21.9 -4.64266
22.0125 -4.64308
22.125 -4.64349
22.2375 -4.64389
22.35 -4.6443
22.4625 -4.64469
22.575 -4.64509
22.6875 -4.64548
22.8 -4.64587
22.9125 -4.64625
23.025 -4.64663
23.1375 -4.64701
23.25 -4.64738
23.3625 -4.64775
23.475 -4.64811
23.5875 -4.64848
23.7 -4.64884
23.8125 -4.64919
23.925 -4.64955
24.0375 -4.6499
24.15 -4.65024
24.2625 -4.65059
24.375 -4.65093
24.4875 -4.65127
24.6 -4.6516
24.7125 -4.65193
24.825 -4.65226
24.9375 -4.65259
25.05 -4.65291
25.1625 -4.65323
25.275 -4.65355
25.3875 -4.65387
25.5 -4.65418
25.6125 -4.65449
25.725 -4.6548
25.8375 -4.6551
25.95 -4.6554
26.0625 -4.6557
26.175 -4.656
26.2875 -4.6563
26.4 -4.65659
26.5125 -4.65688
26.625 -4.65717
26.7375 -4.65745
26.85 -4.65774
26.9625 -4.65802
27.075 -4.6583
27.1875 -4.65857
27.3 -4.65885
27.4125 -4.65912
27.525 -4.65939
27.6375 -4.65966
27.75 -4.65992
27.8625 -4.66019
27.975 -4.66045
28.0875 -4.66071
28.2 -4.66097
28.3125 -4.66122
28.425 -4.66148
28.5375 -4.66173
28.65 -4.66198
28.7625 -4.66223
28.875 -4.66248
28.9875 -4.66272
29.1 -4.66296
29.2125 -4.6632
29.325 -4.66344
29.4375 -4.66368
29.55 -4.66392
29.6625 -4.66415
29.775 -4.66438
29.8875 -4.66461
30 -4.66484
