-15 -19.6631
-14.8875 -19.5503
-14.775 -19.4375
-14.6625 -19.3247
-14.55 -19.2119
-14.4375 -19.0991
-14.325 -18.9863
-14.2125 -18.8735
-14.1 -18.7607
-13.9875 -18.6479
-13.875 -18.535
-13.7625 -18.4222
-13.65 -18.3094
-13.5375 -18.1966
-13.425 -18.0837
-13.3125 -17.9709
-13.2 -17.8581
-13.0875 -17.7452
-12.975 -17.6324
-12.8625 -17.5196
-12.75 -17.4067
-12.6375 -17.2939
-12.525 -17.181
-12.4125 -17.0682
-12.3 -16.9553
-12.1875 -16.8425
-12.075 -16.7296
-11.9625 -16.6168
-11.85 -16.5039
-11.7375 -16.3911
-11.625 -16.2782
-11.5125 -16.1654
-11.4 -16.0525
-11.2875 -15.9397
-11.175 -15.8269
-11.0625 -15.714
-10.95 -15.6012
-10.8375 -15.4883
-10.725 -15.3755
-10.6125 -15.2625
-10.5 -15.1497
-10.3875 -15.0369
-10.275 -14.924
-10.1625 -14.8112
-10.05 -14.6984
-9.9375 -14.5856
-9.825 -14.4728
-9.7125 -14.36
-9.6 -14.2472
-9.4875 -14.1344
-9.375 -14.0216
-9.2625 -13.9089
-9.15 -13.7961
-9.0375 -13.6834
-8.925 -13.5706
-8.8125 -13.4579
-8.7 -13.3452
-8.5875 -13.2325
-8.475 -13.1199
-8.3625 -13.0072
-8.25 -12.8946
-8.1375 -12.782
-8.025 -12.6694
-7.9125 -12.5568
-7.8 -12.4443
-7.6875 -12.3318
-7.575 -12.2194
-7.4625 -12.1069
-7.35 -11.9945
-7.2375 -11.8822
-7.125 -11.7699
-7.0125 -11.6576
-6.9 -11.5454
-6.7875 -11.4333
-6.675 -11.3212
-6.5625 -11.2092
-6.45 -11.0973
-6.3375 -10.9855
-6.225 -10.8737
-6.1125 -10.7621
-6 -10.6505
-5.8875 -10.5391
-5.775 -10.4278
-5.6625 -10.3166
-5.55 -10.2056
-5.4375 -10.0948
-5.325 -9.98413
-5.2125 -9.87367
-5.1 -9.76342
-4.9875 -9.65341
-4.875 -9.54367
-4.7625 -9.43421
-4.65 -9.32506
-4.5375 -9.21626
-4.425 -9.10784
-4.3125 -8.99984
-4.2 -8.8923
-4.0875 -8.78527
-3.975 -8.6788
-3.8625 -8.57295
-3.75 -8.46779
-3.6375 -8.36339
-3.525 -8.25983
-3.4125 -8.15721
-3.3 -8.05563
-3.1875 -7.95521
-3.075 -7.85607
-2.9625 -7.75837
-2.85 -7.66227
-2.7375 -7.56795
-2.625 -7.47561
-2.5125 -7.3855
-2.4 -7.29785
-2.2875 -7.21296
-2.175 -7.13114
-2.0625 -7.05273
-1.95 -6.9781
-1.8375 -6.90766
-1.725 -6.84183
-1.6125 -6.78103
-1.5 -6.7257
-1.3875 -6.67623
-1.275 -6.63295
-1.1625 -6.59605
-1.05 -6.56557
-0.9375 -6.54122
-0.825 -6.52232
-0.7125 -6.5077
-0.6 -6.49553
-0.4875 -6.48333
-0.375 -6.46797
-0.2625 -6.44599
-0.15 -6.41403
-0.0375 -6.36942
0.075 -6.31081
0.1875 -6.23848
0.3 -6.15427
0.4125 -6.06115
0.525 -5.96258
0.6375 -5.86196
0.75 -5.7622
0.8625 -5.66558
0.975 -5.57368
1.0875 -5.48753
1.2 -5.40764
1.3125 -5.33417
1.425 -5.26705
1.5375 -5.20601
1.65 -5.15071
1.7625 -5.10073
1.875 -5.05565
1.9875 -5.01503
2.1 -4.97846
2.2125 -4.94555
2.325 -4.91593
2.4375 -4.88927
2.55 -4.86527
2.6625 -4.84366
2.775 -4.82418
2.8875 -4.80662
3 -4.79077
3.1125 -4.77647
3.225 -4.76355
3.3375 -4.75187
3.45 -4.74131
3.5625 -4.73175
3.675 -4.7231
3.7875 -4.71526
3.9 -4.70816
4.0125 -4.70172
4.125 -4.69588
4.2375 -4.69059
4.35 -4.68579
4.4625 -4.68144
4.575 -4.67749
4.6875 -4.67391
4.8 -4.67066
4.9125 -4.66772
5.025 -4.66506
5.1375 -4.66264
5.25 -4.66046
5.3625 -4.65849
5.475 -4.65672
5.5875 -4.65511
5.7 -4.65367
5.8125 -4.65238
5.925 -4.65122
6.0375 -4.65019
6.15 -4.64927
6.2625 -4.64845
6.375 -4.64773
6.4875 -4.6471
6.6 -4.64655
6.7125 -4.64607
6.825 -4.64567
6.9375 -4.64532
7.05 -4.64503
7.1625 -4.6448
7.275 -4.64462
7.3875 -4.64448
7.5 -4.64438
7.6125 -4.64432
7.725 -4.6443
7.8375 -4.64431
7.95 -4.64435
8.0625 -4.64442
8.175 -4.64451
8.2875 -4.64463
8.4 -4.64476
8.5125 -4.64492
8.625 -4.6451
8.7375 -4.64529
8.85 -4.6455
8.9625 -4.64572
9.075 -4.64596
9.1875 -4.64621
9.3 -4.64647
9.4125 -4.64674
9.525 -4.64701
9.6375 -4.6473
9.75 -4.64759
9.8625 -4.64789
9.975 -4.6482
10.0875 -4.64851
10.2 -4.64883
10.3125 -4.64915
10.425 -4.64948
10.5375 -4.64981
10.65 -4.65014
10.7625 -4.65048
10.875 -4.65081
10.9875 -4.65115
11.1 -4.65149
11.2125 -4.65184
11.325 -4.65218
11.4375 -4.65253
11.55 -4.65287
11.6625 -4.65322
11.775 -4.65356
11.8875 -4.65391
12 -4.65426
12.1125 -4.6546
12.225 -4.65495
12.3375 -4.6553
12.45 -4.65564
12.5625 -4.65598
12.675 -4.65633
12.7875 -4.65667
12.9 -4.65701
13.0125 -4.65735
13.125 -4.65769
13.2375 -4.65802
13.35 -4.65836
13.4625 -4.65869
13.575 -4.65902
13.6875 -4.65935
13.8 -4.65968
13.9125 -4.66001
14.025 -4.66033
14.1375 -4.66066
14.25 -4.66098
14.3625 -4.6613
14.475 -4.66162
14.5875 -4.66193
14.7 -4.66225
14.8125 -4.66256
14.925 -4.66287
15.0375 -4.66318
15.15 -4.66349
15.2625 -4.66379
15.375 -4.66409
15.4875 -4.66439
15.6 -4.66469
15.7125 -4.66499
15.825 -4.66528
15.9375 -4.66557
16.05 -4.66586
16.1625 -4.66615
16.275 -4.66644
16.3875 -4.66672
16.5 -4.667
16.6125 -4.66728
16.725 -4.66756
16.8375 -4.66784
16.95 -4.66811
17.0625 -4.66838
17.175 -4.66865
17.2875 -4.66892
17.4 -4.66919
17.5125 -4.66945
17.625 -4.66971
17.7375 -4.66997
17.85 -4.67023
17.9625 -4.67049
18.075 -4.67074
18.1875 -4.671
18.3 -4.67125
18.4125 -4.67149
18.525 -4.67174
18.6375 -4.67199
18.75 -4.67223
18.8625 -4.67247
18.975 -4.67271
19.0875 -4.67295
19.2 -4.67319
19.3125 -4.67342
19.425 -4.67365
19.5375 -4.67388
19.65 -4.67411
19.7625 -4.67434
19.875 -4.67457
19.9875 -4.67479
20.1 -4.67501
20.2125 -4.67523
20.325 -4.67545
20.4375 -4.67567
20.55 -4.67589
20.6625 -4.6761
20.775 -4.67632
20.8875 -4.67653
21 -4.67674
21.1125 -4.67694
21.225 -4.67715
21.3375 -4.67736
21.45 -4.67756
21.5625 -4.67776
21.675 -4.67796
21.7875 -4.67816
21.9 -4.67836
22.0125 -4.67856
22.125 -4.67875
22.2375 -4.67895
22.35 -4.67914
22.4625 -4.67933
22.575 -4.67952
22.6875 -4.67971
22.8 -4.67989
22.9125 -4.68008
23.025 -4.68026
23.1375 -4.68045
23.25 -4.68063
23.3625 -4.68081
23.475 -4.68099
23.5875 -4.68116
23.7 -4.68134
23.8125 -4.68152
23.925 -4.68169
24.0375 -4.68186
24.15 -4.68204
24.2625 -4.68221
24.375 -4.68238
24.4875 -4.68254
24.6 -4.68271
24.7125 -4.68288
24.825 -4.68304
24.9375 -4.6832
25.05 -4.68337
25.1625 -4.68353
25.275 -4.68369
25.3875 -4.68385
25.5 -4.68401
25.6125 -4.68416
25.725 -4.68432
25.8375 -4.68447
25.95 -4.68463
26.0625 -4.68478
26.175 -4.68493
26.2875 -4.68508
26.4 -4.68523
26.5125 -4.68538
26.625 -4.68553
26.7375 -4.68568
26.85 -4.68582
26.9625 -4.68597
27.075 -4.68611
27.1875 -4.68626
27.3 -4.6864
27.4125 -4.68654
27.525 -4.68668
27.6375 -4.68682
27.75 -4.68696
27.8625 -4.6871
27.975 -4.68723
28.0875 -4.68737
28.2 -4.6875
28.3125 -4.68764
28.425 -4.68777
28.5375 -4.6879
28.65 -4.68804
28.7625 -4.68817
28.875 -4.6883
28.9875 -4.68843
29.1 -4.68855
29.2125 -4.68868
29.325 -4.68881
29.4375 -4.68894
29.55 -4.68906
29.6625 -4.68919
29.775 -4.68931
29.8875 -4.68943
30 -4.68955
