-15 -18.7071
-14.8875 -18.5951
-14.775 -18.483
-14.6625 -18.371
-14.55 -18.259
-14.4375 -18.1469
-14.325 -18.0349
-14.2125 -17.9229
-14.1 -17.8109
-13.9875 -17.6989
-13.875 -17.5869
-13.7625 -17.4749
-13.65 -17.363
-13.5375 -17.251
-13.425 -17.1391
-13.3125 -17.0271
-13.2 -16.9152
-13.0875 -16.8033
-12.975 -16.6914
-12.8625 -16.5795
-12.75 -16.4676
-12.6375 -16.3557
-12.525 -16.2438
-12.4125 -16.132
-12.3 -16.0201
-12.1875 -15.9083
-12.075 -15.7965
-11.9625 -15.6847
-11.85 -15.5729
-11.7375 -15.4611
-11.625 -15.3494
-11.5125 -15.2376
-11.4 -15.1259
-11.2875 -15.0142
-11.175 -14.9024
-11.0625 -14.7908
-10.95 -14.6791
-10.8375 -14.5675
-10.725 -14.4559
-10.6125 -14.3443
-10.5 -14.2327
-10.3875 -14.1212
-10.275 -14.0096
-10.1625 -13.8981
-10.05 -13.7867
-9.9375 -13.6752
-9.825 -13.5638
-9.7125 -13.4524
-9.6 -13.3411
-9.4875 -13.2297
-9.375 -13.1184
-9.2625 -13.0072
-9.15 -12.8959
-9.0375 -12.7848
-8.925 -12.6736
-8.8125 -12.5625
-8.7 -12.4514
-8.5875 -12.3404
-8.475 -12.2294
-8.3625 -12.1185
-8.25 -12.0076
-8.1375 -11.8968
-8.025 -11.786
-7.9125 -11.6753
-7.8 -11.5647
-7.6875 -11.4541
-7.575 -11.3436
-7.4625 -11.2332
-7.35 -11.1228
-7.2375 -11.0125
-7.125 -10.9023
-7.0125 -10.7922
-6.9 -10.6822
-6.7875 -10.5723
-6.675 -10.4625
-6.5625 -10.3528
-6.45 -10.2433
-6.3375 -10.1338
-6.225 -10.0245
-6.1125 -9.91538
-6 -9.80638
-5.8875 -9.69755
-5.775 -9.58889
-5.6625 -9.48043
-5.55 -9.37216
-5.4375 -9.26412
-5.325 -9.15631
-5.2125 -9.04874
-5.1 -8.94145
-4.9875 -8.83445
-4.875 -8.72777
-4.7625 -8.62142
-4.65 -8.51544
-4.5375 -8.40985
-4.425 -8.3047
-4.3125 -8.20002
-4.2 -8.09584
-4.0875 -7.99223
-3.975 -7.88922
-3.8625 -7.78687
-3.75 -7.68526
-3.6375 -7.58444
-3.525 -7.48451
-3.4125 -7.38554
-3.3 -7.28763
-3.1875 -7.19091
-3.075 -7.09549
-2.9625 -7.00151
-2.85 -6.90913
-2.7375 -6.81853
-2.625 -6.7299
-2.5125 -6.64346
-2.4 -6.55947
-2.2875 -6.47818
-2.175 -6.39991
-2.0625 -6.32499
-1.95 -6.25377
-1.8375 -6.18665
-1.725 -6.12403
-1.6125 -6.06633
-1.5 -6.01396
-1.3875 -5.96731
-1.275 -5.92668
-1.1625 -5.89228
-1.05 -5.86409
-0.9375 -5.84184
-0.825 -5.82485
-0.7125 -5.8119
-0.6 -5.80118
-0.4875 -5.79019
-0.375 -5.7758
-0.2625 -5.75455
-0.15 -5.72305
-0.0375 -5.67866
0.075 -5.62001
0.1875 -5.54737
0.3 -5.46261
0.4125 -5.36868
0.525 -5.26907
0.6375 -5.16715
0.75 -5.06586
0.8625 -4.96749
0.975 -4.87363
1.0875 -4.78531
1.2 -4.70305
1.3125 -4.62704
1.425 -4.5572
1.5375 -4.4933
1.65 -4.43499
1.7625 -4.38188
1.875 -4.33355
1.9875 -4.28958
2.1 -4.24957
2.2125 -4.21315
2.325 -4.17996
2.4375 -4.14968
2.55 -4.12202
2.6625 -4.09671
2.775 -4.07352
2.8875 -4.05224
3 -4.03267
3.1125 -4.01464
3.225 -3.99801
3.3375 -3.98264
3.45 -3.96841
3.5625 -3.95522
3.675 -3.94295
3.7875 -3.93155
3.9 -3.92091
4.0125 -3.91098
4.125 -3.9017
4.2375 -3.89301
4.35 -3.88486
4.4625 -3.8772
4.575 -3.87
4.6875 -3.86322
4.8 -3.85683
4.9125 -3.85079
5.025 -3.84509
5.1375 -3.83969
5.25 -3.83457
5.3625 -3.82972
5.475 -3.82511
5.5875 -3.82073
5.7 -3.81656
5.8125 -3.81259
5.925 -3.80881
6.0375 -3.80519
6.15 -3.80175
6.2625 -3.79845
6.375 -3.79529
6.4875 -3.79227
6.6 -3.78938
6.7125 -3.7866
6.825 -3.78394
6.9375 -3.78138
7.05 -3.77892
7.1625 -3.77655
7.275 -3.77428
7.3875 -3.77208
7.5 -3.76997
7.6125 -3.76793
7.725 -3.76596
7.8375 -3.76408
7.95 -3.76223
8.0625 -3.76046
8.175 -3.75874
8.2875 -3.75708
8.4 -3.75548
8.5125 -3.75392
8.625 -3.75241
8.7375 -3.75095
8.85 -3.74953
8.9625 -3.74815
9.075 -3.74682
9.1875 -3.74552
9.3 -3.74426
9.4125 -3.74303
9.525 -3.74184
9.6375 -3.74068
9.75 -3.73955
9.8625 -3.73844
9.975 -3.73737
10.0875 -3.73633
10.2 -3.73531
10.3125 -3.73431
10.425 -3.73335
10.5375 -3.7324
10.65 -3.73148
10.7625 -3.73057
10.875 -3.72969
10.9875 -3.72883
11.1 -3.72799
11.2125 -3.72717
11.325 -3.72636
11.4375 -3.72558
11.55 -3.72481
11.6625 -3.72405
11.775 -3.72331
11.8875 -3.72259
12 -3.72188
12.1125 -3.72119
12.225 -3.72051
12.3375 -3.71984
12.45 -3.71919
12.5625 -3.71855
12.675 -3.71792
12.7875 -3.7173
12.9 -3.71669
13.0125 -3.7161
13.125 -3.71551
13.2375 -3.71494
13.35 -3.71438
13.4625 -3.71382
13.575 -3.71328
13.6875 -3.71274
13.8 -3.71222
13.9125 -3.7117
14.025 -3.71119
14.1375 -3.71069
14.25 -3.7102
14.3625 -3.70972
14.475 -3.70924
14.5875 -3.70877
14.7 -3.70831
14.8125 -3.70785
14.925 -3.70741
15.0375 -3.70697
15.15 -3.70653
15.2625 -3.70611
15.375 -3.70568
15.4875 -3.70527
15.6 -3.70486
15.7125 -3.70446
15.825 -3.70406
15.9375 -3.70367
16.05 -3.70328
16.1625 -3.7029
16.275 -3.70252
16.3875 -3.70215
16.5 -3.70179
16.6125 -3.70142
16.725 -3.70107
16.8375 -3.70072
16.95 -3.70037
17.0625 -3.70003
17.175 -3.69969
17.2875 -3.69935
17.4 -3.69902
17.5125 -3.6987
17.625 -3.69838
17.7375 -3.69806
17.85 -3.69774
17.9625 -3.69743
18.075 -3.69713
18.1875 -3.69682
18.3 -3.69652
18.4125 -3.69623
18.525 -3.69594
18.6375 -3.69565
18.75 -3.69536
18.8625 -3.69508
18.975 -3.6948
19.0875 -3.69452
19.2 -3.69425
19.3125 -3.69398
19.425 -3.69371
19.5375 -3.69345
19.65 -3.69318
19.7625 -3.69292
19.875 -3.69267
19.9875 -3.69241
20.1 -3.69216
20.2125 -3.69192
20.325 -3.69167
20.4375 -3.69143
20.55 -3.69119
20.6625 -3.69095
20.775 -3.69071
20.8875 -3.69048
21 -3.69025
21.1125 -3.69002
21.225 -3.68979
21.3375 -3.68957
21.45 -3.68934
21.5625 -3.68912
21.675 -3.6889
21.7875 -3.68869
21.9 -3.68847
22.0125 -3.68826
22.125 -3.68805
22.2375 -3.68784
22.35 -3.68764
22.4625 -3.68743
22.575 -3.68723
22.6875 -3.68703
22.8 -3.68683
22.9125 -3.68663
23.025 -3.68644
23.1375 -3.68624
23.25 -3.68605
23.3625 -3.68586
23.475 -3.68567
23.5875 -3.68548
23.7 -3.6853
23.8125 -3.68511
23.925 -3.68493
24.0375 -3.68475
24.15 -3.68457
24.2625 -3.68439
24.375 -3.68421
24.4875 -3.68404
24.6 -3.68386
24.7125 -3.68369
24.825 -3.68352
24.9375 -3.68335
25.05 -3.68318
25.1625 -3.68302
25.275 -3.68285
25.3875 -3.68269
25.5 -3.68252
25.6125 -3.68236
25.725 -3.6822
25.8375 -3.68204
25.95 -3.68188
26.0625 -3.68173
26.175 -3.68157
26.2875 -3.68142
26.4 -3.68126
26.5125 -3.68111
26.625 -3.68096
26.7375 -3.68081
26.85 -3.68066
26.9625 -3.68051
27.075 -3.68037
27.1875 -3.68022
27.3 -3.68007
27.4125 -3.67993
27.525 -3.67979
27.6375 -3.67965
27.75 -3.67951
27.8625 -3.67937
27.975 -3.67923
28.0875 -3.67909
28.2 -3.67895
28.3125 -3.67882
28.425 -3.67868
28.5375 -3.67855
28.65 -3.67842
28.7625 -3.67828
28.875 -3.67815
28.9875 -3.67802
29.1 -3.67789
29.2125 -3.67776
29.325 -3.67764
29.4375 -3.67751
29.55 -3.67738
29.6625 -3.67726
29.775 -3.67713
29.8875 -3.67701
30 -3.67689
