-15 -20.9831
-14.8875 -20.8697
-14.775 -20.7563
-14.6625 -20.6428
-14.55 -20.5294
-14.4375 -20.4159
-14.325 -20.3024
-14.2125 -20.1889
-14.1 -20.0754
-13.9875 -19.9619
-13.875 -19.8483
-13.7625 -19.7347
-13.65 -19.6211
-13.5375 -19.5075
-13.425 -19.3939
-13.3125 -19.2803
-13.2 -19.1666
-13.0875 -19.0529
-12.975 -18.9392
-12.8625 -18.8255
-12.75 -18.7117
-12.6375 -18.5979
-12.525 -18.4841
-12.4125 -18.3703
-12.3 -18.2565
-12.1875 -18.1426
-12.075 -18.0287
-11.9625 -17.9148
-11.85 -17.8009
-11.7375 -17.6869
-11.625 -17.5729
-11.5125 -17.4589
-11.4 -17.3448
-11.2875 -17.2307
-11.175 -17.1166
-11.0625 -17.0025
-10.95 -16.8883
-10.8375 -16.7741
-10.725 -16.6598
-10.6125 -16.5456
-10.5 -16.4312
-10.3875 -16.3169
-10.275 -16.2025
-10.1625 -16.0881
-10.05 -15.9736
-9.9375 -15.8591
-9.825 -15.7445
-9.7125 -15.6298
-9.6 -15.5152
-9.4875 -15.4005
-9.375 -15.2858
-9.2625 -15.171
-9.15 -15.0562
-9.0375 -14.9413
-8.925 -14.8264
-8.8125 -14.7114
-8.7 -14.5963
-8.5875 -14.4812
-8.475 -14.366
-8.3625 -14.2508
-8.25 -14.1355
-8.1375 -14.0201
-8.025 -13.9046
-7.9125 -13.7891
-7.8 -13.6735
-7.6875 -13.5578
-7.575 -13.442
-7.4625 -13.3262
-7.35 -13.2102
-7.2375 -13.0942
-7.125 -12.978
-7.0125 -12.8617
-6.9 -12.7454
-6.7875 -12.6289
-6.675 -12.5123
-6.5625 -12.3955
-6.45 -12.2787
-6.3375 -12.1617
-6.225 -12.0445
-6.1125 -11.9272
-6 -11.8098
-5.8875 -11.6922
-5.775 -11.5744
-5.6625 -11.4564
-5.55 -11.3382
-5.4375 -11.2199
-5.325 -11.1013
-5.2125 -10.9825
-5.1 -10.8634
-4.9875 -10.7441
-4.875 -10.6246
-4.7625 -10.5047
-4.65 -10.3846
-4.5375 -10.2641
-4.425 -10.1433
-4.3125 -10.0221
-4.2 -9.90053
-4.0875 -9.77854
-3.975 -9.65611
-3.8625 -9.53321
-3.75 -9.40979
-3.6375 -9.28581
-3.525 -9.16123
-3.4125 -9.03601
-3.3 -8.91007
-3.1875 -8.78337
-3.075 -8.65583
-2.9625 -8.52737
-2.85 -8.3979
-2.7375 -8.26732
-2.625 -8.13551
-2.5125 -8.00233
-2.4 -7.86763
-2.2875 -7.73123
-2.175 -7.59292
-2.0625 -7.45247
-1.95 -7.30959
-1.8375 -7.16396
-1.725 -7.0152
-1.6125 -6.8629
-1.5 -6.70655
-1.3875 -6.5456
-1.275 -6.37946
-1.1625 -6.2075
-1.05 -6.02915
-0.9375 -5.84402
-0.825 -5.65211
-0.7125 -5.45419
-0.6 -5.25244
-0.4875 -5.0512
-0.375 -4.85785
-0.2625 -4.68316
-0.15 -4.54026
-0.0375 -4.44151
0.075 -4.39393
0.1875 -4.39604
0.3 -4.43853
0.4125 -4.50833
0.525 -4.59284
0.6375 -4.6824
0.75 -4.77073
0.8625 -4.85431
0.975 -4.9315
1.0875 -5.00184
1.2 -5.0655
1.3125 -5.12295
1.425 -5.1748
1.5375 -5.22165
1.65 -5.26409
1.7625 -5.30266
1.875 -5.33783
1.9875 -5.37
2.1 -5.39954
2.2125 -5.42675
2.325 -5.4519
2.4375 -5.47521
2.55 -5.49688
2.6625 -5.51709
2.775 -5.53598
2.8875 -5.55368
3 -5.5703
3.1125 -5.58594
3.225 -5.6007
3.3375 -5.61463
3.45 -5.62782
3.5625 -5.64033
3.675 -5.6522
3.7875 -5.66349
3.9 -5.67423
4.0125 -5.68448
4.125 -5.69425
4.2375 -5.70359
4.35 -5.71253
4.4625 -5.72108
4.575 -5.72928
4.6875 -5.73715
4.8 -5.7447
4.9125 -5.75195
5.025 -5.75893
5.1375 -5.76564
5.25 -5.77211
5.3625 -5.77834
5.475 -5.78435
5.5875 -5.79015
5.7 -5.79576
5.8125 -5.80117
5.925 -5.8064
6.0375 -5.81146
6.15 -5.81636
6.2625 -5.8211
6.375 -5.82569
6.4875 -5.83014
6.6 -5.83446
6.7125 -5.83865
6.825 -5.84272
6.9375 -5.84666
7.05 -5.8505
7.1625 -5.85423
7.275 -5.85785
7.3875 -5.86137
7.5 -5.8648
7.6125 -5.86814
7.725 -5.87138
7.8375 -5.87455
7.95 -5.87763
8.0625 -5.88063
8.175 -5.88356
8.2875 -5.88642
8.4 -5.88921
8.5125 -5.89193
8.625 -5.89458
8.7375 -5.89717
8.85 -5.8997
8.9625 -5.90217
9.075 -5.90459
9.1875 -5.90695
9.3 -5.90926
9.4125 -5.91152
9.525 -5.91373
9.6375 -5.91589
9.75 -5.918
9.8625 -5.92007
9.975 -5.9221
10.0875 -5.92409
10.2 -5.92603
10.3125 -5.92794
10.425 -5.9298
10.5375 -5.93163
10.65 -5.93343
10.7625 -5.93518
10.875 -5.93691
10.9875 -5.9386
11.1 -5.94026
11.2125 -5.94189
11.325 -5.94349
11.4375 -5.94506
11.55 -5.9466
11.6625 -5.94811
11.775 -5.94959
11.8875 -5.95105
12 -5.95249
12.1125 -5.9539
12.225 -5.95528
12.3375 -5.95664
12.45 -5.95798
12.5625 -5.95929
12.675 -5.96058
12.7875 -5.96186
12.9 -5.96311
13.0125 -5.96434
13.125 -5.96555
13.2375 -5.96674
13.35 -5.96791
13.4625 -5.96906
13.575 -5.9702
13.6875 -5.97132
13.8 -5.97242
13.9125 -5.9735
14.025 -5.97457
14.1375 -5.97562
14.25 -5.97665
14.3625 -5.97767
14.475 -5.97868
14.5875 -5.97967
14.7 -5.98065
14.8125 -5.98161
14.925 -5.98256
15.0375 -5.98349
15.15 -5.98441
15.2625 -5.98532
15.375 -5.98622
15.4875 -5.9871
15.6 -5.98797
15.7125 -5.98883
15.825 -5.98968
15.9375 -5.99052
16.05 -5.99134
16.1625 -5.99216
16.275 -5.99296
16.3875 -5.99375
16.5 -5.99454
16.6125 -5.99531
16.725 -5.99607
16.8375 -5.99683
16.95 -5.99757
17.0625 -5.9983
17.175 -5.99903
17.2875 -5.99975
17.4 -6.00045
17.5125 -6.00115
17.625 -6.00184
17.7375 -6.00252
17.85 -6.0032
17.9625 -6.00386
18.075 -6.00452
18.1875 -6.00517
18.3 -6.00581
18.4125 -6.00645
18.525 -6.00707
18.6375 -6.00769
18.75 -6.00831
18.8625 -6.00891
18.975 -6.00951
19.0875 -6.0101
19.2 -6.01069
19.3125 -6.01127
19.425 -6.01184
19.5375 -6.01241
19.65 -6.01297
19.7625 -6.01352
19.875 -6.01407
19.9875 -6.01461
20.1 -6.01515
20.2125 -6.01568
20.325 -6.0162
20.4375 -6.01672
20.55 -6.01724
20.6625 -6.01775
20.775 -6.01825
20.8875 -6.01875
21 -6.01924
21.1125 -6.01973
21.225 -6.02021
21.3375 -6.02069
21.45 -6.02116
21.5625 -6.02163
21.675 -6.02209
21.7875 -6.02255
21.9 -6.02301
22.0125 -6.02346
22.125 -6.0239
22.2375 -6.02434
22.35 -6.02478
22.4625 -6.02521
22.575 -6.02564
22.6875 -6.02607
22.8 -6.02649
22.9125 -6.0269
23.025 -6.02732
23.1375 -6.02773
23.25 -6.02813
23.3625 -6.02853
23.475 -6.02893
23.5875 -6.02932
23.7 -6.02971
23.8125 -6.0301
23.925 -6.03048
24.0375 -6.03086
24.15 -6.03124
24.2625 -6.03161
24.375 -6.03198
24.4875 -6.03235
24.6 -6.03271
24.7125 -6.03307
24.825 -6.03343
24.9375 -6.03378
25.05 -6.03413
25.1625 -6.03448
25.275 -6.03482
25.3875 -6.03516
25.5 -6.0355
25.6125 -6.03584
25.725 -6.03617
25.8375 -6.0365
25.95 -6.03683
26.0625 -6.03715
26.175 -6.03747
26.2875 -6.03779
26.4 -6.03811
26.5125 -6.03842
26.625 -6.03873
26.7375 -6.03904
26.85 -6.03935
26.9625 -6.03965
27.075 -6.03996
27.1875 -6.04025
27.3 -6.04055
27.4125 -6.04085
27.525 -6.04114
27.6375 -6.04143
27.75 -6.04171
27.8625 -6.042
27.975 -6.04228
28.0875 -6.04256
28.2 -6.04284
28.3125 -6.04312
28.425 -6.04339
28.5375 -6.04366
28.65 -6.04393
28.7625 -6.0442
28.875 -6.04447
28.9875 -6.04473
29.1 -6.04499
29.2125 -6.04525
29.325 -6.04551
29.4375 -6.04577
29.55 -6.04602
29.6625 -6.04627
29.775 -6.04652
29.8875 -6.04677
30 -6.04702
