-15 -18.3732
-14.8875 -18.2597
-14.775 -18.1462
-14.6625 -18.0327
-14.55 -17.9192
-14.4375 -17.8057
-14.325 -17.6921
-14.2125 -17.5786
-14.1 -17.465
-13.9875 -17.3514
-13.875 -17.2377
-13.7625 -17.1241
-13.65 -17.0104
-13.5375 -16.8967
-13.425 -16.783
-13.3125 -16.6693
-13.2 -16.5556
-13.0875 -16.4418
-12.975 -16.328
-12.8625 -16.2142
-12.75 -16.1003
-12.6375 -15.9864
-12.525 -15.8725
-12.4125 -15.7586
-12.3 -15.6447
-12.1875 -15.5307
-12.075 -15.4163
-11.9625 -15.3023
-11.85 -15.1882
-11.7375 -15.0741
-11.625 -14.96
-11.5125 -14.8459
-11.4 -14.7317
-11.2875 -14.6175
-11.175 -14.5032
-11.0625 -14.389
-10.95 -14.2746
-10.8375 -14.1603
-10.725 -14.0459
-10.6125 -13.9315
-10.5 -13.817
-10.3875 -13.7025
-10.275 -13.5879
-10.1625 -13.4733
-10.05 -13.3587
-9.9375 -13.244
-9.825 -13.1293
-9.7125 -13.0145
-9.6 -12.8997
-9.4875 -12.7848
-9.375 -12.6698
-9.2625 -12.5548
-9.15 -12.4398
-9.0375 -12.3247
-8.925 -12.2095
-8.8125 -12.0942
-8.7 -11.9789
-8.5875 -11.8636
-8.475 -11.7481
-8.3625 -11.6326
-8.25 -11.517
-8.1375 -11.4013
-8.025 -11.2855
-7.9125 -11.1696
-7.8 -11.0537
-7.6875 -10.9376
-7.575 -10.8215
-7.4625 -10.7052
-7.35 -10.5888
-7.2375 -10.4724
-7.125 -10.3558
-7.0125 -10.239
-6.9 -10.1222
-6.7875 -10.0052
-6.675 -9.88809
-6.5625 -9.77081
-6.45 -9.65338
-6.3375 -9.53578
-6.225 -9.41801
-6.1125 -9.30006
-6 -9.18192
-5.8875 -9.06357
-5.775 -8.94502
-5.6625 -8.82624
-5.55 -8.70722
-5.4375 -8.58796
-5.325 -8.46842
-5.2125 -8.34861
-5.1 -8.22849
-4.9875 -8.10806
-4.875 -7.98729
-4.7625 -7.86616
-4.65 -7.74464
-4.5375 -7.6227
-4.425 -7.50033
-4.3125 -7.37748
-4.2 -7.25411
-4.0875 -7.1302
-3.975 -7.00568
-3.8625 -6.88053
-3.75 -6.75466
-3.6375 -6.62804
-3.525 -6.50058
-3.4125 -6.3722
-3.3 -6.24282
-3.1875 -6.11234
-3.075 -5.98063
-2.9625 -5.84756
-2.85 -5.71297
-2.7375 -5.57669
-2.625 -5.4385
-2.5125 -5.29815
-2.4 -5.15535
-2.2875 -5.00975
-2.175 -4.86093
-2.0625 -4.70841
-1.95 -4.55156
-1.8375 -4.38966
-1.725 -4.22181
-1.6125 -4.04689
-1.5 -3.86353
-1.3875 -3.67
-1.275 -3.46415
-1.1625 -3.24327
-1.05 -3.00397
-0.9375 -2.74204
-0.825 -2.45234
-0.7125 -2.12891
-0.6 -1.76561
-0.4875 -1.35804
-0.375 -0.908882
-0.2625 -0.440187
-0.15 -0.0148644
-0.0375 0.253279
0.075 0.264252
0.1875 0.0418905
0.3 -0.295817
0.4125 -0.649962
0.525 -0.973889
0.6375 -1.25399
0.75 -1.49086
0.8625 -1.68984
0.975 -1.85716
1.0875 -1.99853
1.2 -2.11876
1.3125 -2.22179
1.425 -2.31076
1.5375 -2.38819
1.65 -2.45606
1.7625 -2.51599
1.875 -2.56924
1.9875 -2.61687
2.1 -2.6597
2.2125 -2.69842
2.325 -2.73362
2.4375 -2.76574
2.55 -2.79519
2.6625 -2.82229
2.775 -2.84732
2.8875 -2.87051
3 -2.89208
3.1125 -2.91218
3.225 -2.93096
3.3375 -2.94857
3.45 -2.9651
3.5625 -2.98066
3.675 -2.99534
3.7875 -3.0092
3.9 -3.02232
4.0125 -3.03476
4.125 -3.04657
4.2375 -3.05779
4.35 -3.06848
4.4625 -3.07867
4.575 -3.0884
4.6875 -3.09769
4.8 -3.10658
4.9125 -3.11509
5.025 -3.12324
5.1375 -3.13107
5.25 -3.13858
5.3625 -3.1458
5.475 -3.15274
5.5875 -3.15942
5.7 -3.16586
5.8125 -3.17206
5.925 -3.17805
6.0375 -3.18382
6.15 -3.1894
6.2625 -3.19479
6.375 -3.2
6.4875 -3.20504
6.6 -3.20992
6.7125 -3.21465
6.825 -3.21922
6.9375 -3.22366
7.05 -3.22797
7.1625 -3.23215
7.275 -3.23621
7.3875 -3.24014
7.5 -3.24397
7.6125 -3.24769
7.725 -3.25131
7.8375 -3.25483
7.95 -3.25826
8.0625 -3.26159
8.175 -3.26484
8.2875 -3.268
8.4 -3.27108
8.5125 -3.27409
8.625 -3.27702
8.7375 -3.27988
8.85 -3.28267
8.9625 -3.28539
9.075 -3.28805
9.1875 -3.29065
9.3 -3.29318
9.4125 -3.29566
9.525 -3.29808
9.6375 -3.30045
9.75 -3.30277
9.8625 -3.30504
9.975 -3.30725
10.0875 -3.30942
10.2 -3.31154
10.3125 -3.31362
10.425 -3.31566
10.5375 -3.31766
10.65 -3.31961
10.7625 -3.32152
10.875 -3.3234
10.9875 -3.32524
11.1 -3.32705
11.2125 -3.32882
11.325 -3.33055
11.4375 -3.33226
11.55 -3.33392
11.6625 -3.33556
11.775 -3.33717
11.8875 -3.33876
12 -3.34031
12.1125 -3.34183
12.225 -3.34333
12.3375 -3.3448
12.45 -3.34625
12.5625 -3.34767
12.675 -3.34906
12.7875 -3.35044
12.9 -3.35179
13.0125 -3.35311
13.125 -3.35442
13.2375 -3.3557
13.35 -3.35696
13.4625 -3.35821
13.575 -3.35943
13.6875 -3.36063
13.8 -3.36182
13.9125 -3.36298
14.025 -3.36413
14.1375 -3.36526
14.25 -3.36637
14.3625 -3.36747
14.475 -3.36855
14.5875 -3.36961
14.7 -3.37066
14.8125 -3.37169
14.925 -3.37271
15.0375 -3.37371
15.15 -3.3747
15.2625 -3.37567
15.375 -3.37663
15.4875 -3.37758
15.6 -3.37852
15.7125 -3.37944
15.825 -3.38034
15.9375 -3.38124
16.05 -3.38212
16.1625 -3.38299
16.275 -3.38385
16.3875 -3.3847
16.5 -3.38554
16.6125 -3.38637
16.725 -3.38718
16.8375 -3.38799
16.95 -3.38878
17.0625 -3.38956
17.175 -3.39034
17.2875 -3.3911
17.4 -3.39186
17.5125 -3.3926
17.625 -3.39334
17.7375 -3.39407
17.85 -3.39479
17.9625 -3.3955
18.075 -3.3962
18.1875 -3.39689
18.3 -3.39757
18.4125 -3.39825
18.525 -3.39892
18.6375 -3.39958
18.75 -3.40023
18.8625 -3.40088
18.975 -3.40151
19.0875 -3.40215
19.2 -3.40277
19.3125 -3.40338
19.425 -3.40399
19.5375 -3.4046
19.65 -3.40519
19.7625 -3.40578
19.875 -3.40636
19.9875 -3.40694
20.1 -3.40751
20.2125 -3.40807
20.325 -3.40863
20.4375 -3.40918
20.55 -3.40973
20.6625 -3.41027
20.775 -3.4108
20.8875 -3.41133
21 -3.41186
21.1125 -3.41237
21.225 -3.41289
21.3375 -3.41339
21.45 -3.4139
21.5625 -3.41439
21.675 -3.41488
21.7875 -3.41537
21.9 -3.41585
22.0125 -3.41633
22.125 -3.4168
22.2375 -3.41727
22.35 -3.41773
22.4625 -3.41819
22.575 -3.41865
22.6875 -3.4191
22.8 -3.41954
22.9125 -3.41998
23.025 -3.42042
23.1375 -3.42085
23.25 -3.42128
23.3625 -3.42171
23.475 -3.42213
23.5875 -3.42255
23.7 -3.42296
23.8125 -3.42337
23.925 -3.42377
24.0375 -3.42418
24.15 -3.42457
24.2625 -3.42497
24.375 -3.42536
24.4875 -3.42575
24.6 -3.42613
24.7125 -3.42651
24.825 -3.42689
24.9375 -3.42726
25.05 -3.42763
25.1625 -3.428
25.275 -3.42836
25.3875 -3.42873
25.5 -3.42908
25.6125 -3.42944
25.725 -3.42979
25.8375 -3.43014
25.95 -3.43049
26.0625 -3.43083
26.175 -3.43117
26.2875 -3.43151
26.4 -3.43184
26.5125 -3.43217
26.625 -3.4325
26.7375 -3.43283
26.85 -3.43315
26.9625 -3.43347
27.075 -3.43379
27.1875 -3.4341
27.3 -3.43442
27.4125 -3.43473
27.525 -3.43504
27.6375 -3.43534
27.75 -3.43565
27.8625 -3.43595
27.975 -3.43625
28.0875 -3.43654
28.2 -3.43684
28.3125 -3.43713
28.425 -3.43742
28.5375 -3.4377
28.65 -3.43799
28.7625 -3.43827
28.875 -3.43855
28.9875 -3.43883
29.1 -3.43911
29.2125 -3.43938
29.325 -3.43965
29.4375 -3.43992
29.55 -3.44019
29.6625 -3.44046
29.775 -3.44072
29.8875 -3.44098
30 -3.44124
