-15 -18.8408
-14.8875 -18.7296
-14.775 -18.6185
-14.6625 -18.5074
-14.55 -18.3964
-14.4375 -18.2853
-14.325 -18.1743
-14.2125 -18.0633
-14.1 -17.9523
-13.9875 -17.8413
-13.875 -17.7304
-13.7625 -17.6195
-13.65 -17.5086
-13.5375 -17.3978
-13.425 -17.287
-13.3125 -17.1762
-13.2 -17.0654
-13.0875 -16.9547
-12.975 -16.844
-12.8625 -16.7333
-12.75 -16.6227
-12.6375 -16.5121
-12.525 -16.4015
-12.4125 -16.291
-12.3 -16.1805
-12.1875 -16.0701
-12.075 -15.9597
-11.9625 -15.8493
-11.85 -15.739
-11.7375 -15.6287
-11.625 -15.5185
-11.5125 -15.4083
-11.4 -15.2982
-11.2875 -15.1881
-11.175 -15.0781
-11.0625 -14.9681
-10.95 -14.8581
-10.8375 -14.7483
-10.725 -14.6384
-10.6125 -14.5287
-10.5 -14.419
-10.3875 -14.3094
-10.275 -14.1999
-10.1625 -14.0904
-10.05 -13.981
-9.9375 -13.8717
-9.825 -13.7624
-9.7125 -13.6533
-9.6 -13.5442
-9.4875 -13.4352
-9.375 -13.3263
-9.2625 -13.2175
-9.15 -13.1088
-9.0375 -13.0002
-8.925 -12.8917
-8.8125 -12.7834
-8.7 -12.6751
-8.5875 -12.567
-8.475 -12.459
-8.3625 -12.3511
-8.25 -12.2433
-8.1375 -12.1358
-8.025 -12.0283
-7.9125 -11.9211
-7.8 -11.814
-7.6875 -11.707
-7.575 -11.6003
-7.4625 -11.4937
-7.35 -11.3874
-7.2375 -11.2812
-7.125 -11.1753
-7.0125 -11.0696
-6.9 -10.9642
-6.7875 -10.859
-6.675 -10.7541
-6.5625 -10.6495
-6.45 -10.5451
-6.3375 -10.4412
-6.225 -10.3375
-6.1125 -10.2342
-6 -10.1313
-5.8875 -10.0288
-5.775 -9.92671
-5.6625 -9.82508
-5.55 -9.72394
-5.4375 -9.6233
-5.325 -9.52321
-5.2125 -9.42369
-5.1 -9.3248
-4.9875 -9.22656
-4.875 -9.12903
-4.7625 -9.03224
-4.65 -8.93626
-4.5375 -8.84113
-4.425 -8.74693
-4.3125 -8.65371
-4.2 -8.56156
-4.0875 -8.47054
-3.975 -8.38074
-3.8625 -8.29226
-3.75 -8.2052
-3.6375 -8.11966
-3.525 -8.03578
-3.4125 -7.95367
-3.3 -7.87349
-3.1875 -7.79538
-3.075 -7.71951
-2.9625 -7.64607
-2.85 -7.57526
-2.7375 -7.50728
-2.625 -7.44238
-2.5125 -7.38079
-2.4 -7.32278
-2.2875 -7.26862
-2.175 -7.21862
-2.0625 -7.17308
-1.95 -7.13231
-1.8375 -7.09662
-1.725 -7.0663
-1.6125 -7.04163
-1.5 -7.02283
-1.3875 -7.01003
-1.275 -7.00327
-1.1625 -7.00239
-1.05 -7.00697
-0.9375 -7.01629
-0.825 -7.02916
-0.7125 -7.04386
-0.6 -7.05802
-0.4875 -7.0686
-0.375 -7.07199
-0.2625 -7.06427
-0.15 -7.04172
-0.0375 -7.00144
0.075 -6.94197
0.1875 -6.86359
0.3 -6.76832
0.4125 -6.6594
0.525 -6.54069
0.6375 -6.41604
0.75 -6.28889
0.8625 -6.16207
0.975 -6.03772
1.0875 -5.91737
1.2 -5.80205
1.3125 -5.69236
1.425 -5.58863
1.5375 -5.49093
1.65 -5.39921
1.7625 -5.31329
1.875 -5.23293
1.9875 -5.15785
2.1 -5.08775
2.2125 -5.02231
2.325 -4.96123
2.4375 -4.9042
2.55 -4.85093
2.6625 -4.80116
2.775 -4.75461
2.8875 -4.71106
3 -4.67027
3.1125 -4.63204
3.225 -4.59617
3.3375 -4.56249
3.45 -4.53083
3.5625 -4.50105
3.675 -4.473
3.7875 -4.44656
3.9 -4.4216
4.0125 -4.39803
4.125 -4.37575
4.2375 -4.35465
4.35 -4.33467
4.4625 -4.31573
4.575 -4.29774
4.6875 -4.28066
4.8 -4.26442
4.9125 -4.24896
5.025 -4.23423
5.1375 -4.22019
5.25 -4.2068
5.3625 -4.19401
5.475 -4.18179
5.5875 -4.1701
5.7 -4.15891
5.8125 -4.14819
5.925 -4.13792
6.0375 -4.12806
6.15 -4.1186
6.2625 -4.10952
6.375 -4.10078
6.4875 -4.09238
6.6 -4.0843
6.7125 -4.07651
6.825 -4.06901
6.9375 -4.06178
7.05 -4.0548
7.1625 -4.04807
7.275 -4.04156
7.3875 -4.03528
7.5 -4.0292
7.6125 -4.02332
7.725 -4.01764
7.8375 -4.01213
7.95 -4.0068
8.0625 -4.00162
8.175 -3.99661
8.2875 -3.99175
8.4 -3.98703
8.5125 -3.98244
8.625 -3.97799
8.7375 -3.97367
8.85 -3.96947
8.9625 -3.96538
9.075 -3.9614
9.1875 -3.95753
9.3 -3.95377
9.4125 -3.9501
9.525 -3.94652
9.6375 -3.94304
9.75 -3.93965
9.8625 -3.93634
9.975 -3.93311
10.0875 -3.92996
10.2 -3.92688
10.3125 -3.92388
10.425 -3.92094
10.5375 -3.91808
10.65 -3.91528
10.7625 -3.91254
10.875 -3.90987
10.9875 -3.90725
11.1 -3.90469
11.2125 -3.90218
11.325 -3.89973
11.4375 -3.89733
11.55 -3.89498
11.6625 -3.89268
11.775 -3.89042
11.8875 -3.88821
12 -3.88605
12.1125 -3.88392
12.225 -3.88184
12.3375 -3.8798
12.45 -3.87779
12.5625 -3.87583
12.675 -3.8739
12.7875 -3.87201
12.9 -3.87015
13.0125 -3.86832
13.125 -3.86653
13.2375 -3.86477
13.35 -3.86304
13.4625 -3.86134
13.575 -3.85967
13.6875 -3.85803
13.8 -3.85642
13.9125 -3.85483
14.025 -3.85327
14.1375 -3.85174
14.25 -3.85023
14.3625 -3.84874
14.475 -3.84728
14.5875 -3.84584
14.7 -3.84442
14.8125 -3.84303
14.925 -3.84166
15.0375 -3.84031
15.15 -3.83897
15.2625 -3.83766
15.375 -3.83637
15.4875 -3.8351
15.6 -3.83385
15.7125 -3.83261
15.825 -3.83139
15.9375 -3.83019
16.05 -3.82901
16.1625 -3.82784
16.275 -3.82669
16.3875 -3.82556
16.5 -3.82444
16.6125 -3.82333
16.725 -3.82224
16.8375 -3.82117
16.95 -3.82011
17.0625 -3.81906
17.175 -3.81803
17.2875 -3.81701
17.4 -3.81601
17.5125 -3.81501
17.625 -3.81403
17.7375 -3.81307
17.85 -3.81211
17.9625 -3.81117
18.075 -3.81023
18.1875 -3.80931
18.3 -3.8084
18.4125 -3.8075
18.525 -3.80661
18.6375 -3.80574
18.75 -3.80487
18.8625 -3.80401
18.975 -3.80317
19.0875 -3.80233
19.2 -3.8015
19.3125 -3.80068
19.425 -3.79987
19.5375 -3.79907
19.65 -3.79828
19.7625 -3.7975
19.875 -3.79673
19.9875 -3.79596
20.1 -3.79521
20.2125 -3.79446
20.325 -3.79372
20.4375 -3.79298
20.55 -3.79226
20.6625 -3.79154
20.775 -3.79083
20.8875 -3.79013
21 -3.78944
21.1125 -3.78875
21.225 -3.78807
21.3375 -3.78739
21.45 -3.78673
21.5625 -3.78607
21.675 -3.78541
21.7875 -3.78477
21.9 -3.78412
22.0125 -3.78349
22.125 -3.78286
22.2375 -3.78224
22.35 -3.78162
22.4625 -3.78101
22.575 -3.78041
22.6875 -3.77981
22.8 -3.77922
22.9125 -3.77863
23.025 -3.77805
23.1375 -3.77747
23.25 -3.7769
23.3625 -3.77633
23.475 -3.77577
23.5875 -3.77522
23.7 -3.77466
23.8125 -3.77412
23.925 -3.77358
24.0375 -3.77304
24.15 -3.77251
24.2625 -3.77198
24.375 -3.77146
24.4875 -3.77094
24.6 -3.77043
24.7125 -3.76992
24.825 -3.76942
24.9375 -3.76892
25.05 -3.76842
25.1625 -3.76793
25.275 -3.76744
25.3875 -3.76696
25.5 -3.76648
25.6125 -3.766
25.725 -3.76553
25.8375 -3.76506
25.95 -3.7646
26.0625 -3.76414
26.175 -3.76368
26.2875 -3.76323
26.4 -3.76278
26.5125 -3.76233
26.625 -3.76189
26.7375 -3.76145
26.85 -3.76101
26.9625 -3.76058
27.075 -3.76015
27.1875 -3.75973
27.3 -3.75931
27.4125 -3.75889
27.525 -3.75847
27.6375 -3.75806
27.75 -3.75765
27.8625 -3.75724
27.975 -3.75684
28.0875 -3.75644
28.2 -3.75604
28.3125 -3.75565
28.425 -3.75526
28.5375 -3.75487
28.65 -3.75448
28.7625 -3.7541
28.875 -3.75372
28.9875 -3.75334
29.1 -3.75297
29.2125 -3.75259
29.325 -3.75223
29.4375 -3.75186
29.55 -3.75149
29.6625 -3.75113
29.775 -3.75077
29.8875 -3.75042
30 -3.75006
