-15 -18.5657
-14.8875 -18.4527
-14.775 -18.3397
-14.6625 -18.2267
-14.55 -18.1136
-14.4375 -18.0006
-14.325 -17.8876
-14.2125 -17.7745
-14.1 -17.6615
-13.9875 -17.5484
-13.875 -17.4353
-13.7625 -17.3222
-13.65 -17.2091
-13.5375 -17.096
-13.425 -16.9829
-13.3125 -16.8697
-13.2 -16.7566
-13.0875 -16.6434
-12.975 -16.5302
-12.8625 -16.4171
-12.75 -16.3039
-12.6375 -16.1906
-12.525 -16.0774
-12.4125 -15.9642
-12.3 -15.8509
-12.1875 -15.7377
-12.075 -15.6244
-11.9625 -15.5111
-11.85 -15.3978
-11.7375 -15.2844
-11.625 -15.1711
-11.5125 -15.0576
-11.4 -14.9442
-11.2875 -14.8308
-11.175 -14.7174
-11.0625 -14.604
-10.95 -14.4905
-10.8375 -14.3771
-10.725 -14.2636
-10.6125 -14.1501
-10.5 -14.0365
-10.3875 -13.923
-10.275 -13.8094
-10.1625 -13.6958
-10.05 -13.5821
-9.9375 -13.4685
-9.825 -13.3548
-9.7125 -13.2411
-9.6 -13.1273
-9.4875 -13.0136
-9.375 -12.8998
-9.2625 -12.7859
-9.15 -12.6721
-9.0375 -12.5581
-8.925 -12.4442
-8.8125 -12.3302
-8.7 -12.2162
-8.5875 -12.1022
-8.475 -11.9881
-8.3625 -11.8739
-8.25 -11.7598
-8.1375 -11.6455
-8.025 -11.5312
-7.9125 -11.4169
-7.8 -11.3025
-7.6875 -11.1881
-7.575 -11.0736
-7.4625 -10.959
-7.35 -10.8444
-7.2375 -10.7297
-7.125 -10.6149
-7.0125 -10.5001
-6.9 -10.3852
-6.7875 -10.2702
-6.675 -10.1551
-6.5625 -10.0399
-6.45 -9.92468
-6.3375 -9.80922
-6.225 -9.69384
-6.1125 -9.57825
-6 -9.46254
-5.8875 -9.34671
-5.775 -9.23074
-5.6625 -9.11464
-5.55 -8.99838
-5.4375 -8.88196
-5.325 -8.76536
-5.2125 -8.64859
-5.1 -8.53162
-4.9875 -8.41444
-4.875 -8.29704
-4.7625 -8.1794
-4.65 -8.06151
-4.5375 -7.94334
-4.425 -7.82487
-4.3125 -7.70608
-4.2 -7.58694
-4.0875 -7.46743
-3.975 -7.34752
-3.8625 -7.22716
-3.75 -7.10633
-3.6375 -6.98498
-3.525 -6.86306
-3.4125 -6.74052
-3.3 -6.61731
-3.1875 -6.49336
-3.075 -6.36859
-2.9625 -6.24292
-2.85 -6.11626
-2.7375 -5.98851
-2.625 -5.85955
-2.5125 -5.72924
-2.4 -5.59744
-2.2875 -5.46396
-2.175 -5.32862
-2.0625 -5.19119
-1.95 -5.05141
-1.8375 -4.90899
-1.725 -4.7636
-1.6125 -4.61488
-1.5 -4.4624
-1.3875 -4.30573
-1.275 -4.14441
-1.1625 -3.978
-1.05 -3.80613
-0.9375 -3.62869
-0.825 -3.44594
-0.7125 -3.25895
-0.6 -3.07001
-0.4875 -2.88327
-0.375 -2.70535
-0.2625 -2.54542
-0.15 -2.41421
-0.0375 -2.32147
0.075 -2.27265
0.1875 -2.2666
0.3 -2.29608
0.4125 -2.35066
0.525 -2.41992
0.6375 -2.49549
0.75 -2.57165
0.8625 -2.6449
0.975 -2.71345
1.0875 -2.77654
1.2 -2.83406
1.3125 -2.88623
1.425 -2.93345
1.5375 -2.97617
1.65 -3.01485
1.7625 -3.04992
1.875 -3.08177
1.9875 -3.11078
2.1 -3.13725
2.2125 -3.16146
2.325 -3.18365
2.4375 -3.20405
2.55 -3.22284
2.6625 -3.24018
2.775 -3.25623
2.8875 -3.2711
3 -3.28491
3.1125 -3.29777
3.225 -3.30976
3.3375 -3.32096
3.45 -3.33144
3.5625 -3.34127
3.675 -3.35049
3.7875 -3.35916
3.9 -3.36733
4.0125 -3.37503
4.125 -3.38231
4.2375 -3.38919
4.35 -3.39571
4.4625 -3.40189
4.575 -3.40776
4.6875 -3.41334
4.8 -3.41865
4.9125 -3.4237
5.025 -3.42853
5.1375 -3.43313
5.25 -3.43754
5.3625 -3.44175
5.475 -3.44578
5.5875 -3.44965
5.7 -3.45335
5.8125 -3.45692
5.925 -3.46034
6.0375 -3.46363
6.15 -3.46679
6.2625 -3.46984
6.375 -3.47278
6.4875 -3.47561
6.6 -3.47835
6.7125 -3.48099
6.825 -3.48354
6.9375 -3.48601
7.05 -3.4884
7.1625 -3.49071
7.275 -3.49295
7.3875 -3.49512
7.5 -3.49722
7.6125 -3.49926
7.725 -3.50124
7.8375 -3.50316
7.95 -3.50503
8.0625 -3.50684
8.175 -3.50861
8.2875 -3.51032
8.4 -3.51199
8.5125 -3.51361
8.625 -3.51519
8.7375 -3.51673
8.85 -3.51823
8.9625 -3.5197
9.075 -3.52112
9.1875 -3.52251
9.3 -3.52387
9.4125 -3.52519
9.525 -3.52648
9.6375 -3.52774
9.75 -3.52898
9.8625 -3.53018
9.975 -3.53136
10.0875 -3.53251
10.2 -3.53363
10.3125 -3.53473
10.425 -3.53581
10.5375 -3.53686
10.65 -3.53789
10.7625 -3.5389
10.875 -3.53989
10.9875 -3.54085
11.1 -3.5418
11.2125 -3.54273
11.325 -3.54364
11.4375 -3.54453
11.55 -3.5454
11.6625 -3.54626
11.775 -3.5471
11.8875 -3.54792
12 -3.54873
12.1125 -3.54953
12.225 -3.5503
12.3375 -3.55107
12.45 -3.55182
12.5625 -3.55255
12.675 -3.55328
12.7875 -3.55399
12.9 -3.55469
13.0125 -3.55537
13.125 -3.55605
13.2375 -3.55671
13.35 -3.55736
13.4625 -3.558
13.575 -3.55863
13.6875 -3.55925
13.8 -3.55986
13.9125 -3.56045
14.025 -3.56104
14.1375 -3.56162
14.25 -3.56219
14.3625 -3.56275
14.475 -3.56331
14.5875 -3.56385
14.7 -3.56438
14.8125 -3.56491
14.925 -3.56543
15.0375 -3.56594
15.15 -3.56644
15.2625 -3.56694
15.375 -3.56743
15.4875 -3.56791
15.6 -3.56838
15.7125 -3.56885
15.825 -3.56931
15.9375 -3.56976
16.05 -3.57021
16.1625 -3.57065
16.275 -3.57108
16.3875 -3.57151
16.5 -3.57193
16.6125 -3.57235
16.725 -3.57276
16.8375 -3.57317
16.95 -3.57357
17.0625 -3.57396
17.175 -3.57435
17.2875 -3.57474
17.4 -3.57511
17.5125 -3.57549
17.625 -3.57586
17.7375 -3.57622
17.85 -3.57658
17.9625 -3.57694
18.075 -3.57729
18.1875 -3.57763
18.3 -3.57798
18.4125 -3.57831
18.525 -3.57865
18.6375 -3.57898
18.75 -3.5793
18.8625 -3.57962
18.975 -3.57994
19.0875 -3.58025
19.2 -3.58056
19.3125 -3.58087
19.425 -3.58117
19.5375 -3.58147
19.65 -3.58177
19.7625 -3.58206
19.875 -3.58235
19.9875 -3.58263
20.1 -3.58291
20.2125 -3.58319
20.325 -3.58347
20.4375 -3.58374
20.55 -3.58401
20.6625 -3.58428
20.775 -3.58454
20.8875 -3.5848
21 -3.58506
21.1125 -3.58531
21.225 -3.58557
21.3375 -3.58581
21.45 -3.58606
21.5625 -3.58631
21.675 -3.58655
21.7875 -3.58679
21.9 -3.58702
22.0125 -3.58726
22.125 -3.58749
22.2375 -3.58772
22.35 -3.58794
22.4625 -3.58817
22.575 -3.58839
22.6875 -3.58861
22.8 -3.58883
22.9125 -3.58904
23.025 -3.58926
23.1375 -3.58947
23.25 -3.58968
23.3625 -3.58988
23.475 -3.59009
23.5875 -3.59029
23.7 -3.59049
23.8125 -3.59069
23.925 -3.59089
24.0375 -3.59108
24.15 -3.59128
24.2625 -3.59147
24.375 -3.59166
24.4875 -3.59185
24.6 -3.59203
24.7125 -3.59222
24.825 -3.5924
24.9375 -3.59258
25.05 -3.59276
25.1625 -3.59294
25.275 -3.59311
25.3875 -3.59329
25.5 -3.59346
25.6125 -3.59363
25.725 -3.5938
25.8375 -3.59397
25.95 -3.59414
26.0625 -3.5943
26.175 -3.59447
26.2875 -3.59463
26.4 -3.59479
26.5125 -3.59495
26.625 -3.59511
26.7375 -3.59526
26.85 -3.59542
26.9625 -3.59557
27.075 -3.59573
27.1875 -3.59588
27.3 -3.59603
27.4125 -3.59618
27.525 -3.59632
27.6375 -3.59647
27.75 -3.59662
27.8625 -3.59676
27.975 -3.5969
28.0875 -3.59704
28.2 -3.59718
28.3125 -3.59732
28.425 -3.59746
28.5375 -3.5976
28.65 -3.59773
28.7625 -3.59787
28.875 -3.598
28.9875 -3.59814
29.1 -3.59827
29.2125 -3.5984
29.325 -3.59853
29.4375 -3.59866
29.55 -3.59878
29.6625 -3.59891
29.775 -3.59904
29.8875 -3.59916
30 -3.59928
