-15 -19.5968
-14.8875 -19.4834
-14.775 -19.37
-14.6625 -19.2565
-14.55 -19.1431
-14.4375 -19.0296
-14.325 -18.9161
-14.2125 -18.8026
-14.1 -18.6891
-13.9875 -18.5756
-13.875 -18.462
-13.7625 -18.3484
-13.65 -18.2349
-13.5375 -18.1212
-13.425 -18.0076
-13.3125 -17.894
-13.2 -17.7803
-13.0875 -17.6666
-12.975 -17.5529
-12.8625 -17.4392
-12.75 -17.3254
-12.6375 -17.2117
-12.525 -17.0979
-12.4125 -16.984
-12.3 -16.8702
-12.1875 -16.7563
-12.075 -16.6424
-11.9625 -16.5285
-11.85 -16.4146
-11.7375 -16.3006
-11.625 -16.1866
-11.5125 -16.0726
-11.4 -15.9585
-11.2875 -15.8444
-11.175 -15.7303
-11.0625 -15.6162
-10.95 -15.5017
-10.8375 -15.3875
-10.725 -15.2733
-10.6125 -15.159
-10.5 -15.0447
-10.3875 -14.9304
-10.275 -14.816
-10.1625 -14.7016
-10.05 -14.5871
-9.9375 -14.4726
-9.825 -14.3581
-9.7125 -14.2435
-9.6 -14.1289
-9.4875 -14.0142
-9.375 -13.8995
-9.2625 -13.7847
-9.15 -13.6699
-9.0375 -13.555
-8.925 -13.4401
-8.8125 -13.3251
-8.7 -13.21
-8.5875 -13.0949
-8.475 -12.9797
-8.3625 -12.8645
-8.25 -12.7492
-8.1375 -12.6338
-8.025 -12.5183
-7.9125 -12.4028
-7.8 -12.2872
-7.6875 -12.1715
-7.575 -12.0557
-7.4625 -11.9399
-7.35 -11.8239
-7.2375 -11.7079
-7.125 -11.5917
-7.0125 -11.4754
-6.9 -11.3591
-6.7875 -11.2426
-6.675 -11.126
-6.5625 -11.0092
-6.45 -10.8924
-6.3375 -10.7754
-6.225 -10.6582
-6.1125 -10.5409
-6 -10.4235
-5.8875 -10.3059
-5.775 -10.1881
-5.6625 -10.0701
-5.55 -9.95195
-5.4375 -9.83358
-5.325 -9.715
-5.2125 -9.59619
-5.1 -9.47714
-4.9875 -9.35784
-4.875 -9.23827
-4.7625 -9.11842
-4.65 -8.99827
-4.5375 -8.87779
-4.425 -8.75698
-4.3125 -8.6358
-4.2 -8.51423
-4.0875 -8.39225
-3.975 -8.26982
-3.8625 -8.14691
-3.75 -8.02349
-3.6375 -7.89952
-3.525 -7.77494
-3.4125 -7.64971
-3.3 -7.52378
-3.1875 -7.39708
-3.075 -7.26954
-2.9625 -7.14108
-2.85 -7.01161
-2.7375 -6.88103
-2.625 -6.74921
-2.5125 -6.61604
-2.4 -6.48134
-2.2875 -6.34493
-2.175 -6.20663
-2.0625 -6.06617
-1.95 -5.92329
-1.8375 -5.77766
-1.725 -5.62891
-1.6125 -5.4766
-1.5 -5.32025
-1.3875 -5.15931
-1.275 -4.99316
-1.1625 -4.8212
-1.05 -4.64286
-0.9375 -4.45773
-0.825 -4.26581
-0.7125 -4.0679
-0.6 -3.86615
-0.4875 -3.66491
-0.375 -3.47156
-0.2625 -3.29687
-0.15 -3.15397
-0.0375 -3.05522
0.075 -3.00764
0.1875 -3.00974
0.3 -3.05224
0.4125 -3.12204
0.525 -3.20655
0.6375 -3.29611
0.75 -3.38444
0.8625 -3.46801
0.975 -3.5452
1.0875 -3.61555
1.2 -3.67921
1.3125 -3.73666
1.425 -3.7885
1.5375 -3.83535
1.65 -3.8778
1.7625 -3.91637
1.875 -3.95153
1.9875 -3.98371
2.1 -4.01325
2.2125 -4.04046
2.325 -4.0656
2.4375 -4.08891
2.55 -4.11059
2.6625 -4.1308
2.775 -4.14969
2.8875 -4.16738
3 -4.18401
3.1125 -4.19965
3.225 -4.2144
3.3375 -4.22834
3.45 -4.24153
3.5625 -4.25403
3.675 -4.26591
3.7875 -4.27719
3.9 -4.28794
4.0125 -4.29818
4.125 -4.30796
4.2375 -4.3173
4.35 -4.32623
4.4625 -4.33479
4.575 -4.34299
4.6875 -4.35085
4.8 -4.3584
4.9125 -4.36566
5.025 -4.37263
5.1375 -4.37935
5.25 -4.38582
5.3625 -4.39205
5.475 -4.39806
5.5875 -4.40386
5.7 -4.40946
5.8125 -4.41487
5.925 -4.4201
6.0375 -4.42516
6.15 -4.43006
6.2625 -4.4348
6.375 -4.4394
6.4875 -4.44385
6.6 -4.44817
6.7125 -4.45236
6.825 -4.45642
6.9375 -4.46037
7.05 -4.4642
7.1625 -4.46793
7.275 -4.47155
7.3875 -4.47508
7.5 -4.47851
7.6125 -4.48184
7.725 -4.48509
7.8375 -4.48825
7.95 -4.49134
8.0625 -4.49434
8.175 -4.49727
8.2875 -4.50013
8.4 -4.50291
8.5125 -4.50563
8.625 -4.50829
8.7375 -4.51088
8.85 -4.51341
8.9625 -4.51588
9.075 -4.5183
9.1875 -4.52066
9.3 -4.52297
9.4125 -4.52522
9.525 -4.52743
9.6375 -4.52959
9.75 -4.53171
9.8625 -4.53378
9.975 -4.53581
10.0875 -4.53779
10.2 -4.53974
10.3125 -4.54164
10.425 -4.54351
10.5375 -4.54534
10.65 -4.54713
10.7625 -4.54889
10.875 -4.55061
10.9875 -4.55231
11.1 -4.55397
11.2125 -4.55559
11.325 -4.55719
11.4375 -4.55876
11.55 -4.5603
11.6625 -4.56182
11.775 -4.5633
11.8875 -4.56476
12 -4.56619
12.1125 -4.5676
12.225 -4.56899
12.3375 -4.57035
12.45 -4.57168
12.5625 -4.573
12.675 -4.57429
12.7875 -4.57556
12.9 -4.57681
13.0125 -4.57804
13.125 -4.57925
13.2375 -4.58044
13.35 -4.58162
13.4625 -4.58277
13.575 -4.5839
13.6875 -4.58502
13.8 -4.58612
13.9125 -4.58721
14.025 -4.58827
14.1375 -4.58932
14.25 -4.59036
14.3625 -4.59138
14.475 -4.59238
14.5875 -4.59338
14.7 -4.59435
14.8125 -4.59531
14.925 -4.59626
15.0375 -4.5972
15.15 -4.59812
15.2625 -4.59903
15.375 -4.59992
15.4875 -4.60081
15.6 -4.60168
15.7125 -4.60254
15.825 -4.60339
15.9375 -4.60422
16.05 -4.60505
16.1625 -4.60586
16.275 -4.60667
16.3875 -4.60746
16.5 -4.60824
16.6125 -4.60902
16.725 -4.60978
16.8375 -4.61053
16.95 -4.61128
17.0625 -4.61201
17.175 -4.61274
17.2875 -4.61345
17.4 -4.61416
17.5125 -4.61486
17.625 -4.61555
17.7375 -4.61623
17.85 -4.6169
17.9625 -4.61757
18.075 -4.61823
18.1875 -4.61888
18.3 -4.61952
18.4125 -4.62015
18.525 -4.62078
18.6375 -4.6214
18.75 -4.62201
18.8625 -4.62262
18.975 -4.62322
19.0875 -4.62381
19.2 -4.6244
19.3125 -4.62498
19.425 -4.62555
19.5375 -4.62611
19.65 -4.62667
19.7625 -4.62723
19.875 -4.62778
19.9875 -4.62832
20.1 -4.62885
20.2125 -4.62939
20.325 -4.62991
20.4375 -4.63043
20.55 -4.63094
20.6625 -4.63145
20.775 -4.63195
20.8875 -4.63245
21 -4.63295
21.1125 -4.63343
21.225 -4.63392
21.3375 -4.63439
21.45 -4.63487
21.5625 -4.63534
21.675 -4.6358
21.7875 -4.63626
21.9 -4.63671
22.0125 -4.63716
22.125 -4.63761
22.2375 -4.63805
22.35 -4.63849
22.4625 -4.63892
22.575 -4.63935
22.6875 -4.63977
22.8 -4.64019
22.9125 -4.64061
23.025 -4.64102
23.1375 -4.64143
23.25 -4.64184
23.3625 -4.64224
23.475 -4.64263
23.5875 -4.64303
23.7 -4.64342
23.8125 -4.6438
23.925 -4.64419
24.0375 -4.64457
24.15 -4.64494
24.2625 -4.64532
24.375 -4.64569
24.4875 -4.64605
24.6 -4.64642
24.7125 -4.64677
24.825 -4.64713
24.9375 -4.64749
25.05 -4.64784
25.1625 -4.64818
25.275 -4.64853
25.3875 -4.64887
25.5 -4.64921
25.6125 -4.64954
25.725 -4.64988
25.8375 -4.65021
25.95 -4.65053
26.0625 -4.65086
26.175 -4.65118
26.2875 -4.6515
26.4 -4.65182
26.5125 -4.65213
26.625 -4.65244
26.7375 -4.65275
26.85 -4.65306
26.9625 -4.65336
27.075 -4.65366
27.1875 -4.65396
27.3 -4.65426
27.4125 -4.65455
27.525 -4.65484
27.6375 -4.65513
27.75 -4.65542
27.8625 -4.6557
27.975 -4.65599
28.0875 -4.65627
28.2 -4.65655
28.3125 -4.65682
28.425 -4.6571
28.5375 -4.65737
28.65 -4.65764
28.7625 -4.65791
28.875 -4.65817
28.9875 -4.65844
29.1 -4.6587
29.2125 -4.65896
29.325 -4.65922
29.4375 -4.65947
29.55 -4.65973
29.6625 -4.65998
29.775 -4.66023
29.8875 -4.66048
30 -4.66073
