-15 -18.4467
-14.8875 -18.3339
-14.775 -18.2211
-14.6625 -18.1083
-14.55 -17.9955
-14.4375 -17.8827
-14.325 -17.7699
-14.2125 -17.6571
-14.1 -17.5443
-13.9875 -17.4315
-13.875 -17.3186
-13.7625 -17.2058
-13.65 -17.093
-13.5375 -16.9802
-13.425 -16.8673
-13.3125 -16.7545
-13.2 -16.6417
-13.0875 -16.5288
-12.975 -16.416
-12.8625 -16.3032
-12.75 -16.1903
-12.6375 -16.0775
-12.525 -15.9646
-12.4125 -15.8518
-12.3 -15.7389
-12.1875 -15.6261
-12.075 -15.5133
-11.9625 -15.4004
-11.85 -15.2876
-11.7375 -15.1746
-11.625 -15.0617
-11.5125 -14.9489
-11.4 -14.836
-11.2875 -14.7232
-11.175 -14.6103
-11.0625 -14.4975
-10.95 -14.3846
-10.8375 -14.2718
-10.725 -14.159
-10.6125 -14.0461
-10.5 -13.9333
-10.3875 -13.8205
-10.275 -13.7076
-10.1625 -13.5948
-10.05 -13.482
-9.9375 -13.3692
-9.825 -13.2564
-9.7125 -13.1436
-9.6 -13.0308
-9.4875 -12.918
-9.375 -12.8052
-9.2625 -12.6925
-9.15 -12.5797
-9.0375 -12.467
-8.925 -12.3543
-8.8125 -12.2415
-8.7 -12.1288
-8.5875 -12.0161
-8.475 -11.9035
-8.3625 -11.7908
-8.25 -11.6782
-8.1375 -11.5656
-8.025 -11.453
-7.9125 -11.3404
-7.8 -11.2279
-7.6875 -11.1154
-7.575 -11.0029
-7.4625 -10.8905
-7.35 -10.7781
-7.2375 -10.6658
-7.125 -10.5535
-7.0125 -10.4412
-6.9 -10.329
-6.7875 -10.2169
-6.675 -10.1048
-6.5625 -9.99283
-6.45 -9.88091
-6.3375 -9.76907
-6.225 -9.65732
-6.1125 -9.54567
-6 -9.43412
-5.8875 -9.3227
-5.775 -9.2114
-5.6625 -9.10024
-5.55 -8.98923
-5.4375 -8.87839
-5.325 -8.76773
-5.2125 -8.65727
-5.1 -8.54703
-4.9875 -8.43702
-4.875 -8.32727
-4.7625 -8.21781
-4.65 -8.10867
-4.5375 -7.99987
-4.425 -7.89145
-4.3125 -7.78344
-4.2 -7.6759
-4.0875 -7.56887
-3.975 -7.4624
-3.8625 -7.35655
-3.75 -7.25139
-3.6375 -7.14699
-3.525 -7.04343
-3.4125 -6.94081
-3.3 -6.83923
-3.1875 -6.73881
-3.075 -6.63968
-2.9625 -6.54198
-2.85 -6.44587
-2.7375 -6.35155
-2.625 -6.25922
-2.5125 -6.1691
-2.4 -6.08145
-2.2875 -5.99656
-2.175 -5.91474
-2.0625 -5.83633
-1.95 -5.76171
-1.8375 -5.69127
-1.725 -5.62543
-1.6125 -5.56464
-1.5 -5.50931
-1.3875 -5.45983
-1.275 -5.41655
-1.1625 -5.37966
-1.05 -5.34917
-0.9375 -5.32482
-0.825 -5.30593
-0.7125 -5.29131
-0.6 -5.27914
-0.4875 -5.26693
-0.375 -5.25157
-0.2625 -5.2296
-0.15 -5.19764
-0.0375 -5.15303
0.075 -5.09442
0.1875 -5.02209
0.3 -4.93788
0.4125 -4.84475
0.525 -4.74619
0.6375 -4.64556
0.75 -4.5458
0.8625 -4.44918
0.975 -4.35729
1.0875 -4.27113
1.2 -4.19124
1.3125 -4.11778
1.425 -4.05065
1.5375 -3.98962
1.65 -3.93432
1.7625 -3.88434
1.875 -3.83926
1.9875 -3.79864
2.1 -3.76207
2.2125 -3.72915
2.325 -3.69954
2.4375 -3.67288
2.55 -3.64888
2.6625 -3.62726
2.775 -3.60778
2.8875 -3.59022
3 -3.57437
3.1125 -3.56007
3.225 -3.54715
3.3375 -3.53547
3.45 -3.52491
3.5625 -3.51535
3.675 -3.5067
3.7875 -3.49886
3.9 -3.49176
4.0125 -3.48533
4.125 -3.47949
4.2375 -3.4742
4.35 -3.4694
4.4625 -3.46504
4.575 -3.46109
4.6875 -3.45751
4.8 -3.45427
4.9125 -3.45132
5.025 -3.44866
5.1375 -3.44625
5.25 -3.44407
5.3625 -3.4421
5.475 -3.44032
5.5875 -3.43872
5.7 -3.43728
5.8125 -3.43598
5.925 -3.43483
6.0375 -3.43379
6.15 -3.43287
6.2625 -3.43206
6.375 -3.43134
6.4875 -3.4307
6.6 -3.43015
6.7125 -3.42968
6.825 -3.42927
6.9375 -3.42893
7.05 -3.42864
7.1625 -3.42841
7.275 -3.42822
7.3875 -3.42808
7.5 -3.42799
7.6125 -3.42793
7.725 -3.4279
7.8375 -3.42791
7.95 -3.42795
8.0625 -3.42802
8.175 -3.42811
8.2875 -3.42823
8.4 -3.42837
8.5125 -3.42853
8.625 -3.4287
8.7375 -3.4289
8.85 -3.42911
8.9625 -3.42933
9.075 -3.42956
9.1875 -3.42981
9.3 -3.43007
9.4125 -3.43034
9.525 -3.43062
9.6375 -3.4309
9.75 -3.4312
9.8625 -3.4315
9.975 -3.43181
10.0875 -3.43212
10.2 -3.43243
10.3125 -3.43276
10.425 -3.43308
10.5375 -3.43341
10.65 -3.43374
10.7625 -3.43408
10.875 -3.43442
10.9875 -3.43476
11.1 -3.4351
11.2125 -3.43544
11.325 -3.43579
11.4375 -3.43613
11.55 -3.43648
11.6625 -3.43682
11.775 -3.43717
11.8875 -3.43752
12 -3.43786
12.1125 -3.43821
12.225 -3.43855
12.3375 -3.4389
12.45 -3.43924
12.5625 -3.43959
12.675 -3.43993
12.7875 -3.44027
12.9 -3.44061
13.0125 -3.44095
13.125 -3.44129
13.2375 -3.44163
13.35 -3.44196
13.4625 -3.4423
13.575 -3.44263
13.6875 -3.44296
13.8 -3.44329
13.9125 -3.44361
14.025 -3.44394
14.1375 -3.44426
14.25 -3.44458
14.3625 -3.4449
14.475 -3.44522
14.5875 -3.44554
14.7 -3.44585
14.8125 -3.44617
14.925 -3.44648
15.0375 -3.44678
15.15 -3.44709
15.2625 -3.44739
15.375 -3.4477
15.4875 -3.448
15.6 -3.44829
15.7125 -3.44859
15.825 -3.44889
15.9375 -3.44918
16.05 -3.44947
16.1625 -3.44976
16.275 -3.45004
16.3875 -3.45033
16.5 -3.45061
16.6125 -3.45089
16.725 -3.45117
16.8375 -3.45144
16.95 -3.45172
17.0625 -3.45199
17.175 -3.45226
17.2875 -3.45253
17.4 -3.45279
17.5125 -3.45306
17.625 -3.45332
17.7375 -3.45358
17.85 -3.45384
17.9625 -3.45409
18.075 -3.45435
18.1875 -3.4546
18.3 -3.45485
18.4125 -3.4551
18.525 -3.45535
18.6375 -3.45559
18.75 -3.45584
18.8625 -3.45608
18.975 -3.45632
19.0875 -3.45655
19.2 -3.45679
19.3125 -3.45703
19.425 -3.45726
19.5375 -3.45749
19.65 -3.45772
19.7625 -3.45795
19.875 -3.45817
19.9875 -3.4584
20.1 -3.45862
20.2125 -3.45884
20.325 -3.45906
20.4375 -3.45928
20.55 -3.45949
20.6625 -3.45971
20.775 -3.45992
20.8875 -3.46013
21 -3.46034
21.1125 -3.46055
21.225 -3.46076
21.3375 -3.46096
21.45 -3.46117
21.5625 -3.46137
21.675 -3.46157
21.7875 -3.46177
21.9 -3.46197
22.0125 -3.46216
22.125 -3.46236
22.2375 -3.46255
22.35 -3.46274
22.4625 -3.46293
22.575 -3.46312
22.6875 -3.46331
22.8 -3.4635
22.9125 -3.46368
23.025 -3.46387
23.1375 -3.46405
23.25 -3.46423
23.3625 -3.46441
23.475 -3.46459
23.5875 -3.46477
23.7 -3.46495
23.8125 -3.46512
23.925 -3.4653
24.0375 -3.46547
24.15 -3.46564
24.2625 -3.46581
24.375 -3.46598
24.4875 -3.46615
24.6 -3.46632
24.7125 -3.46648
24.825 -3.46665
24.9375 -3.46681
25.05 -3.46697
25.1625 -3.46713
25.275 -3.46729
25.3875 -3.46745
25.5 -3.46761
25.6125 -3.46777
25.725 -3.46792
25.8375 -3.46808
25.95 -3.46823
26.0625 -3.46839
26.175 -3.46854
26.2875 -3.46869
26.4 -3.46884
26.5125 -3.46899
26.625 -3.46914
26.7375 -3.46928
26.85 -3.46943
26.9625 -3.46957
27.075 -3.46972
27.1875 -3.46986
27.3 -3.47
27.4125 -3.47014
27.525 -3.47028
27.6375 -3.47042
27.75 -3.47056
27.8625 -3.4707
27.975 -3.47084
28.0875 -3.47097
28.2 -3.47111
28.3125 -3.47124
28.425 -3.47138
28.5375 -3.47151
28.65 -3.47164
28.7625 -3.47177
28.875 -3.4719
28.9875 -3.47203
29.1 -3.47216
29.2125 -3.47229
29.325 -3.47241
29.4375 -3.47254
29.55 -3.47267
29.6625 -3.47279
29.775 -3.47291
29.8875 -3.47304
30 -3.47316
