-15 -17.7304
-14.8875 -17.6172
-14.775 -17.504
-14.6625 -17.3908
-14.55 -17.2777
-14.4375 -17.1645
-14.325 -17.0512
-14.2125 -16.938
-14.1 -16.8248
-13.9875 -16.7115
-13.875 -16.5982
-13.7625 -16.485
-13.65 -16.3717
-13.5375 -16.2584
-13.425 -16.145
-13.3125 -16.0317
-13.2 -15.9183
-13.0875 -15.805
-12.975 -15.6916
-12.8625 -15.5782
-12.75 -15.4648
-12.6375 -15.3513
-12.525 -15.2379
-12.4125 -15.1243
-12.3 -15.0108
-12.1875 -14.8973
-12.075 -14.7837
-11.9625 -14.6702
-11.85 -14.5566
-11.7375 -14.443
-11.625 -14.3294
-11.5125 -14.2158
-11.4 -14.1021
-11.2875 -13.9884
-11.175 -13.8747
-11.0625 -13.761
-10.95 -13.6473
-10.8375 -13.5335
-10.725 -13.4197
-10.6125 -13.3058
-10.5 -13.192
-10.3875 -13.0781
-10.275 -12.9641
-10.1625 -12.8502
-10.05 -12.7362
-9.9375 -12.6222
-9.825 -12.5081
-9.7125 -12.394
-9.6 -12.2799
-9.4875 -12.1657
-9.375 -12.0515
-9.2625 -11.9372
-9.15 -11.8229
-9.0375 -11.7086
-8.925 -11.5942
-8.8125 -11.4797
-8.7 -11.3652
-8.5875 -11.2507
-8.475 -11.1361
-8.3625 -11.0214
-8.25 -10.9067
-8.1375 -10.7919
-8.025 -10.677
-7.9125 -10.5621
-7.8 -10.4471
-7.6875 -10.332
-7.575 -10.2169
-7.4625 -10.1016
-7.35 -9.98632
-7.2375 -9.87091
-7.125 -9.7554
-7.0125 -9.63979
-6.9 -9.52407
-6.7875 -9.40825
-6.675 -9.2923
-6.5625 -9.17624
-6.45 -9.06004
-6.3375 -8.9437
-6.225 -8.82722
-6.1125 -8.71058
-6 -8.59378
-5.8875 -8.4768
-5.775 -8.35964
-5.6625 -8.24228
-5.55 -8.12471
-5.4375 -8.00691
-5.325 -7.88888
-5.2125 -7.77059
-5.1 -7.65202
-4.9875 -7.53316
-4.875 -7.41398
-4.7625 -7.29447
-4.65 -7.17458
-4.5375 -7.0543
-4.425 -6.93359
-4.3125 -6.81242
-4.2 -6.69074
-4.0875 -6.56851
-3.975 -6.44569
-3.8625 -6.32221
-3.75 -6.19802
-3.6375 -6.07305
-3.525 -5.94722
-3.4125 -5.82044
-3.3 -5.69261
-3.1875 -5.56362
-3.075 -5.43334
-2.9625 -5.30162
-2.85 -5.16829
-2.7375 -5.03315
-2.625 -4.89597
-2.5125 -4.75649
-2.4 -4.6144
-2.2875 -4.4693
-2.175 -4.32079
-2.0625 -4.16832
-1.95 -4.01126
-1.8375 -3.84886
-1.725 -3.68017
-1.6125 -3.50405
-1.5 -3.3191
-1.3875 -3.12357
-1.275 -2.91528
-1.1625 -2.69149
-1.05 -2.4488
-0.9375 -2.18299
-0.825 -1.88896
-0.7125 -1.56079
-0.6 -1.19243
-0.4875 -0.779636
-0.375 -0.325369
-0.2625 0.147919
-0.15 0.576748
-0.0375 0.846671
0.075 0.857278
0.1875 0.632495
0.3 0.290848
0.4125 -0.0681183
0.525 -0.397229
0.6375 -0.682519
0.75 -0.92436
0.8625 -1.12796
0.975 -1.29946
1.0875 -1.44454
1.2 -1.568
1.3125 -1.67378
1.425 -1.76505
1.5375 -1.84433
1.65 -1.91366
1.7625 -1.97466
1.875 -2.02864
1.9875 -2.07667
2.1 -2.11962
2.2125 -2.15821
2.325 -2.19302
2.4375 -2.22457
2.55 -2.25326
2.6625 -2.27944
2.775 -2.30341
2.8875 -2.32542
3 -2.34569
3.1125 -2.36442
3.225 -2.38175
3.3375 -2.39784
3.45 -2.41281
3.5625 -2.42676
3.675 -2.4398
3.7875 -2.452
3.9 -2.46345
4.0125 -2.4742
4.125 -2.48432
4.2375 -2.49386
4.35 -2.50286
4.4625 -2.51138
4.575 -2.51944
4.6875 -2.52709
4.8 -2.53435
4.9125 -2.54125
5.025 -2.54782
5.1375 -2.55408
5.25 -2.56005
5.3625 -2.56575
5.475 -2.5712
5.5875 -2.57642
5.7 -2.58142
5.8125 -2.58621
5.925 -2.59081
6.0375 -2.59523
6.15 -2.59948
6.2625 -2.60356
6.375 -2.6075
6.4875 -2.61129
6.6 -2.61494
6.7125 -2.61846
6.825 -2.62187
6.9375 -2.62516
7.05 -2.62834
7.1625 -2.63141
7.275 -2.63439
7.3875 -2.63727
7.5 -2.64006
7.6125 -2.64277
7.725 -2.64539
7.8375 -2.64794
7.95 -2.65041
8.0625 -2.65281
8.175 -2.65515
8.2875 -2.65742
8.4 -2.65962
8.5125 -2.66177
8.625 -2.66386
8.7375 -2.66589
8.85 -2.66787
8.9625 -2.6698
9.075 -2.67168
9.1875 -2.67352
9.3 -2.67531
9.4125 -2.67705
9.525 -2.67876
9.6375 -2.68042
9.75 -2.68204
9.8625 -2.68363
9.975 -2.68518
10.0875 -2.68669
10.2 -2.68817
10.3125 -2.68962
10.425 -2.69104
10.5375 -2.69242
10.65 -2.69378
10.7625 -2.6951
10.875 -2.6964
10.9875 -2.69768
11.1 -2.69892
11.2125 -2.70014
11.325 -2.70134
11.4375 -2.70251
11.55 -2.70366
11.6625 -2.70479
11.775 -2.70589
11.8875 -2.70698
12 -2.70804
12.1125 -2.70908
12.225 -2.71011
12.3375 -2.71111
12.45 -2.7121
12.5625 -2.71307
12.675 -2.71402
12.7875 -2.71496
12.9 -2.71587
13.0125 -2.71678
13.125 -2.71766
13.2375 -2.71853
13.35 -2.71939
13.4625 -2.72023
13.575 -2.72106
13.6875 -2.72187
13.8 -2.72268
13.9125 -2.72346
14.025 -2.72424
14.1375 -2.725
14.25 -2.72575
14.3625 -2.72649
14.475 -2.72722
14.5875 -2.72793
14.7 -2.72864
14.8125 -2.72933
14.925 -2.73001
15.0375 -2.73069
15.15 -2.73135
15.2625 -2.732
15.375 -2.73265
15.4875 -2.73328
15.6 -2.73391
15.7125 -2.73452
15.825 -2.73513
15.9375 -2.73573
16.05 -2.73632
16.1625 -2.7369
16.275 -2.73747
16.3875 -2.73804
16.5 -2.7386
16.6125 -2.73915
16.725 -2.73969
16.8375 -2.74022
16.95 -2.74075
17.0625 -2.74127
17.175 -2.74179
17.2875 -2.74229
17.4 -2.7428
17.5125 -2.74329
17.625 -2.74378
17.7375 -2.74426
17.85 -2.74474
17.9625 -2.74521
18.075 -2.74567
18.1875 -2.74613
18.3 -2.74658
18.4125 -2.74703
18.525 -2.74747
18.6375 -2.7479
18.75 -2.74833
18.8625 -2.74876
18.975 -2.74918
19.0875 -2.7496
19.2 -2.75001
19.3125 -2.75041
19.425 -2.75081
19.5375 -2.75121
19.65 -2.7516
19.7625 -2.75199
19.875 -2.75237
19.9875 -2.75275
20.1 -2.75312
20.2125 -2.75349
20.325 -2.75386
20.4375 -2.75422
20.55 -2.75458
20.6625 -2.75493
20.775 -2.75528
20.8875 -2.75563
21 -2.75597
21.1125 -2.75631
21.225 -2.75665
21.3375 -2.75698
21.45 -2.75731
21.5625 -2.75763
21.675 -2.75795
21.7875 -2.75827
21.9 -2.75859
22.0125 -2.7589
22.125 -2.75921
22.2375 -2.75951
22.35 -2.75981
22.4625 -2.76011
22.575 -2.76041
22.6875 -2.7607
22.8 -2.76099
22.9125 -2.76128
23.025 -2.76156
23.1375 -2.76185
23.25 -2.76212
23.3625 -2.7624
23.475 -2.76267
23.5875 -2.76294
23.7 -2.76321
23.8125 -2.76348
23.925 -2.76374
24.0375 -2.764
24.15 -2.76426
24.2625 -2.76452
24.375 -2.76477
24.4875 -2.76502
24.6 -2.76527
24.7125 -2.76552
24.825 -2.76576
24.9375 -2.766
25.05 -2.76624
25.1625 -2.76648
25.275 -2.76672
25.3875 -2.76695
25.5 -2.76718
25.6125 -2.76741
25.725 -2.76764
25.8375 -2.76786
25.95 -2.76809
26.0625 -2.76831
26.175 -2.76853
26.2875 -2.76875
26.4 -2.76896
26.5125 -2.76918
26.625 -2.76939
26.7375 -2.7696
26.85 -2.76981
26.9625 -2.77001
27.075 -2.77022
27.1875 -2.77042
27.3 -2.77063
27.4125 -2.77083
27.525 -2.77102
27.6375 -2.77122
27.75 -2.77142
27.8625 -2.77161
27.975 -2.7718
28.0875 -2.77199
28.2 -2.77218
28.3125 -2.77237
28.425 -2.77255
28.5375 -2.77274
28.65 -2.77292
28.7625 -2.7731
28.875 -2.77328
28.9875 -2.77346
29.1 -2.77364
29.2125 -2.77382
29.325 -2.77399
29.4375 -2.77416
29.55 -2.77433
29.6625 -2.77451
29.775 -2.77467
29.8875 -2.77484
30 -2.77501
