-15 -18.5371
-14.8875 -18.4239
-14.775 -18.3107
-14.6625 -18.1975
-14.55 -18.0843
-14.4375 -17.9711
-14.325 -17.8578
-14.2125 -17.7446
-14.1 -17.6313
-13.9875 -17.518
-13.875 -17.4047
-13.7625 -17.2914
-13.65 -17.1781
-13.5375 -17.0647
-13.425 -16.9514
-13.3125 -16.838
-13.2 -16.7246
-13.0875 -16.6112
-12.975 -16.4978
-12.8625 -16.3843
-12.75 -16.2709
-12.6375 -16.1574
-12.525 -16.0439
-12.4125 -15.9304
-12.3 -15.8169
-12.1875 -15.7033
-12.075 -15.5898
-11.9625 -15.4762
-11.85 -15.3626
-11.7375 -15.2488
-11.625 -15.1351
-11.5125 -15.0214
-11.4 -14.9077
-11.2875 -14.794
-11.175 -14.6803
-11.0625 -14.5665
-10.95 -14.4527
-10.8375 -14.3388
-10.725 -14.225
-10.6125 -14.1111
-10.5 -13.9972
-10.3875 -13.8832
-10.275 -13.7692
-10.1625 -13.6552
-10.05 -13.5411
-9.9375 -13.4271
-9.825 -13.3129
-9.7125 -13.1988
-9.6 -13.0846
-9.4875 -12.9703
-9.375 -12.856
-9.2625 -12.7417
-9.15 -12.6273
-9.0375 -12.5129
-8.925 -12.3984
-8.8125 -12.2839
-8.7 -12.1693
-8.5875 -12.0547
-8.475 -11.94
-8.3625 -11.8252
-8.25 -11.7104
-8.1375 -11.5955
-8.025 -11.4806
-7.9125 -11.3655
-7.8 -11.2504
-7.6875 -11.1353
-7.575 -11.02
-7.4625 -10.9046
-7.35 -10.7892
-7.2375 -10.6737
-7.125 -10.558
-7.0125 -10.4423
-6.9 -10.3265
-6.7875 -10.2105
-6.675 -10.0944
-6.5625 -9.97819
-6.45 -9.86184
-6.3375 -9.74534
-6.225 -9.6287
-6.1125 -9.51188
-6 -9.3949
-5.8875 -9.27774
-5.775 -9.16038
-5.6625 -9.04281
-5.55 -8.92503
-5.4375 -8.80701
-5.325 -8.68874
-5.2125 -8.5702
-5.1 -8.45138
-4.9875 -8.33224
-4.875 -8.21278
-4.7625 -8.09295
-4.65 -7.97275
-4.5375 -7.85212
-4.425 -7.73105
-4.3125 -7.60949
-4.2 -7.4874
-4.0875 -7.36474
-3.975 -7.24144
-3.8625 -7.11746
-3.75 -6.99273
-3.6375 -6.86718
-3.525 -6.74071
-3.4125 -6.61325
-3.3 -6.48467
-3.1875 -6.35487
-3.075 -6.2237
-2.9625 -6.091
-2.85 -5.95659
-2.7375 -5.82025
-2.625 -5.68174
-2.5125 -5.54076
-2.4 -5.39699
-2.2875 -5.24999
-2.175 -5.09929
-2.0625 -4.94432
-1.95 -4.78436
-1.8375 -4.61856
-1.725 -4.44586
-1.6125 -4.26497
-1.5 -4.07425
-1.3875 -3.87165
-1.275 -3.65456
-1.1625 -3.41963
-1.05 -3.16254
-0.9375 -2.8777
-0.825 -2.55779
-0.7125 -2.1934
-0.6 -1.77258
-0.4875 -1.28122
-0.375 -0.706302
-0.2625 -0.049751
-0.15 0.62386
-0.0375 1.09086
0.075 1.05469
0.1875 0.594424
0.3 0.0241024
0.4125 -0.495213
0.525 -0.928746
0.6375 -1.28246
0.75 -1.57049
0.8625 -1.80636
0.975 -2.00114
1.0875 -2.16352
1.2 -2.30016
1.3125 -2.41622
1.425 -2.51565
1.5375 -2.60153
1.65 -2.67627
1.7625 -2.74177
1.875 -2.79953
1.9875 -2.85078
2.1 -2.89649
2.2125 -2.93747
2.325 -2.97437
2.4375 -3.00775
2.55 -3.03805
2.6625 -3.06567
2.775 -3.09093
2.8875 -3.1141
3 -3.13542
3.1125 -3.15509
3.225 -3.17328
3.3375 -3.19016
3.45 -3.20585
3.5625 -3.22047
3.675 -3.23413
3.7875 -3.2469
3.9 -3.25887
4.0125 -3.27011
4.125 -3.28069
4.2375 -3.29066
4.35 -3.30007
4.4625 -3.30896
4.575 -3.31738
4.6875 -3.32536
4.8 -3.33294
4.9125 -3.34014
5.025 -3.34699
5.1375 -3.35352
5.25 -3.35975
5.3625 -3.36569
5.475 -3.37138
5.5875 -3.37682
5.7 -3.38203
5.8125 -3.38702
5.925 -3.39181
6.0375 -3.39642
6.15 -3.40084
6.2625 -3.4051
6.375 -3.40919
6.4875 -3.41314
6.6 -3.41695
6.7125 -3.42062
6.825 -3.42416
6.9375 -3.42759
7.05 -3.4309
7.1625 -3.4341
7.275 -3.4372
7.3875 -3.4402
7.5 -3.4431
7.6125 -3.44592
7.725 -3.44865
7.8375 -3.45131
7.95 -3.45388
8.0625 -3.45638
8.175 -3.45881
8.2875 -3.46117
8.4 -3.46347
8.5125 -3.4657
8.625 -3.46787
8.7375 -3.46999
8.85 -3.47205
8.9625 -3.47406
9.075 -3.47602
9.1875 -3.47793
9.3 -3.47979
9.4125 -3.48161
9.525 -3.48338
9.6375 -3.48511
9.75 -3.4868
9.8625 -3.48845
9.975 -3.49006
10.0875 -3.49164
10.2 -3.49318
10.3125 -3.49469
10.425 -3.49616
10.5375 -3.4976
10.65 -3.49901
10.7625 -3.50039
10.875 -3.50175
10.9875 -3.50307
11.1 -3.50437
11.2125 -3.50564
11.325 -3.50688
11.4375 -3.5081
11.55 -3.5093
11.6625 -3.51047
11.775 -3.51162
11.8875 -3.51275
12 -3.51386
12.1125 -3.51494
12.225 -3.51601
12.3375 -3.51706
12.45 -3.51808
12.5625 -3.51909
12.675 -3.52008
12.7875 -3.52106
12.9 -3.52201
13.0125 -3.52295
13.125 -3.52387
13.2375 -3.52478
13.35 -3.52567
13.4625 -3.52655
13.575 -3.52741
13.6875 -3.52826
13.8 -3.52909
13.9125 -3.52991
14.025 -3.53072
14.1375 -3.53152
14.25 -3.5323
14.3625 -3.53307
14.475 -3.53382
14.5875 -3.53457
14.7 -3.5353
14.8125 -3.53602
14.925 -3.53674
15.0375 -3.53744
15.15 -3.53813
15.2625 -3.53881
15.375 -3.53948
15.4875 -3.54014
15.6 -3.54079
15.7125 -3.54143
15.825 -3.54206
15.9375 -3.54269
16.05 -3.5433
16.1625 -3.54391
16.275 -3.5445
16.3875 -3.54509
16.5 -3.54567
16.6125 -3.54625
16.725 -3.54681
16.8375 -3.54737
16.95 -3.54792
17.0625 -3.54846
17.175 -3.549
17.2875 -3.54953
17.4 -3.55005
17.5125 -3.55057
17.625 -3.55107
17.7375 -3.55158
17.85 -3.55207
17.9625 -3.55256
18.075 -3.55304
18.1875 -3.55352
18.3 -3.55399
18.4125 -3.55446
18.525 -3.55492
18.6375 -3.55537
18.75 -3.55582
18.8625 -3.55627
18.975 -3.5567
19.0875 -3.55714
19.2 -3.55757
19.3125 -3.55799
19.425 -3.55841
19.5375 -3.55882
19.65 -3.55923
19.7625 -3.55963
19.875 -3.56003
19.9875 -3.56043
20.1 -3.56082
20.2125 -3.5612
20.325 -3.56158
20.4375 -3.56196
20.55 -3.56233
20.6625 -3.5627
20.775 -3.56307
20.8875 -3.56343
21 -3.56379
21.1125 -3.56414
21.225 -3.56449
21.3375 -3.56484
21.45 -3.56518
21.5625 -3.56552
21.675 -3.56441
21.7875 -3.56618
21.9 -3.56651
22.0125 -3.56684
22.125 -3.56716
22.2375 -3.56748
22.35 -3.56779
22.4625 -3.5681
22.575 -3.56841
22.6875 -3.56872
22.8 -3.56902
22.9125 -3.56932
23.025 -3.56962
23.1375 -3.56991
23.25 -3.5702
23.3625 -3.57049
23.475 -3.57078
23.5875 -3.57106
23.7 -3.57134
23.8125 -3.57162
23.925 -3.57189
24.0375 -3.57216
24.15 -3.57243
24.2625 -3.5727
24.375 -3.57296
24.4875 -3.57323
24.6 -3.57349
24.7125 -3.57374
24.825 -3.574
24.9375 -3.57425
25.05 -3.5745
25.1625 -3.57475
25.275 -3.575
25.3875 -3.57524
25.5 -3.57548
25.6125 -3.57572
25.725 -3.57596
25.8375 -3.57619
25.95 -3.57643
26.0625 -3.57666
26.175 -3.57689
26.2875 -3.57712
26.4 -3.57734
26.5125 -3.57756
26.625 -3.57779
26.7375 -3.57801
26.85 -3.57822
26.9625 -3.57844
27.075 -3.57865
27.1875 -3.57887
27.3 -3.57908
27.4125 -3.57929
27.525 -3.57949
27.6375 -3.5797
27.75 -3.5799
27.8625 -3.5801
27.975 -3.5803
28.0875 -3.5805
28.2 -3.5807
28.3125 -3.5809
28.425 -3.58109
28.5375 -3.58128
28.65 -3.58147
28.7625 -3.58166
28.875 -3.58185
28.9875 -3.58204
29.1 -3.58222
29.2125 -3.58241
29.325 -3.58259
29.4375 -3.58277
29.55 -3.58295
29.6625 -3.58313
29.775 -3.58331
29.8875 -3.58348
30 -3.58366
