-15 -20.9747
-14.8875 -20.8612
-14.775 -20.7477
-14.6625 -20.6342
-14.55 -20.5207
-14.4375 -20.4071
-14.325 -20.2936
-14.2125 -20.18
-14.1 -20.0664
-13.9875 -19.9528
-13.875 -19.8391
-13.7625 -19.7255
-13.65 -19.6118
-13.5375 -19.4981
-13.425 -19.3844
-13.3125 -19.2706
-13.2 -19.1569
-13.0875 -19.0431
-12.975 -18.9292
-12.8625 -18.8154
-12.75 -18.7015
-12.6375 -18.5877
-12.525 -18.4737
-12.4125 -18.3598
-12.3 -18.2458
-12.1875 -18.1318
-12.075 -18.0178
-11.9625 -17.9038
-11.85 -17.7897
-11.7375 -17.6756
-11.625 -17.5614
-11.5125 -17.4473
-11.4 -17.333
-11.2875 -17.2188
-11.175 -17.1045
-11.0625 -16.9902
-10.95 -16.8759
-10.8375 -16.7615
-10.725 -16.6471
-10.6125 -16.5326
-10.5 -16.4181
-10.3875 -16.3035
-10.275 -16.1889
-10.1625 -16.0743
-10.05 -15.9596
-9.9375 -15.8449
-9.825 -15.7299
-9.7125 -15.6151
-9.6 -15.5002
-9.4875 -15.3853
-9.375 -15.2703
-9.2625 -15.1553
-9.15 -15.0402
-9.0375 -14.925
-8.925 -14.8098
-8.8125 -14.6945
-8.7 -14.5792
-8.5875 -14.4637
-8.475 -14.3482
-8.3625 -14.2327
-8.25 -14.117
-8.1375 -14.0013
-8.025 -13.8854
-7.9125 -13.7695
-7.8 -13.6535
-7.6875 -13.5374
-7.575 -13.4212
-7.4625 -13.3048
-7.35 -13.1884
-7.2375 -13.0719
-7.125 -12.9552
-7.0125 -12.8384
-6.9 -12.7215
-6.7875 -12.6044
-6.675 -12.4872
-6.5625 -12.3698
-6.45 -12.2523
-6.3375 -12.1346
-6.225 -12.0167
-6.1125 -11.8987
-6 -11.7804
-5.8875 -11.6619
-5.775 -11.5432
-5.6625 -11.4243
-5.55 -11.3052
-5.4375 -11.1857
-5.325 -11.0661
-5.2125 -10.9461
-5.1 -10.8258
-4.9875 -10.7052
-4.875 -10.5842
-4.7625 -10.4628
-4.65 -10.3411
-4.5375 -10.2189
-4.425 -10.0963
-4.3125 -9.97312
-4.2 -9.84945
-4.0875 -9.7252
-3.975 -9.60033
-3.8625 -9.47479
-3.75 -9.34851
-3.6375 -9.22143
-3.525 -9.09347
-3.4125 -8.96455
-3.3 -8.83458
-3.1875 -8.70344
-3.075 -8.571
-2.9625 -8.43713
-2.85 -8.30165
-2.7375 -8.16436
-2.625 -8.02505
-2.5125 -7.88342
-2.4 -7.73918
-2.2875 -7.59193
-2.175 -7.44122
-2.0625 -7.28649
-1.95 -7.12707
-1.8375 -6.96214
-1.725 -6.79067
-1.6125 -6.61141
-1.5 -6.42276
-1.3875 -6.2227
-1.275 -6.00865
-1.1625 -5.77732
-1.05 -5.52439
-0.9375 -5.2443
-0.825 -4.92974
-0.7125 -4.57126
-0.6 -4.15686
-0.4875 -3.6723
-0.375 -3.10428
-0.2625 -2.45426
-0.15 -1.78595
-0.0375 -1.32182
0.075 -1.35738
0.1875 -1.81382
0.3 -2.37831
0.4125 -2.89091
0.525 -3.31753
0.6375 -3.66456
0.75 -3.94632
0.8625 -4.17646
0.975 -4.36609
1.0875 -4.52391
1.2 -4.65659
1.3125 -4.76924
1.425 -4.8658
1.5375 -4.9493
1.65 -5.02212
1.7625 -5.08613
1.875 -5.14278
1.9875 -5.19328
2.1 -5.23855
2.2125 -5.27937
2.325 -5.31637
2.4375 -5.35007
2.55 -5.38091
2.6625 -5.40923
2.775 -5.43534
2.8875 -5.4595
3 -5.48192
3.1125 -5.5028
3.225 -5.52229
3.3375 -5.54053
3.45 -5.55764
3.5625 -5.57373
3.675 -5.58888
3.7875 -5.60319
3.9 -5.61671
4.0125 -5.62953
4.125 -5.64168
4.2375 -5.65323
4.35 -5.66422
4.4625 -5.67469
4.575 -5.68467
4.6875 -5.69421
4.8 -5.70332
4.9125 -5.71204
5.025 -5.7204
5.1375 -5.72841
5.25 -5.7361
5.3625 -5.74348
5.475 -5.75058
5.5875 -5.75742
5.7 -5.76399
5.8125 -5.77033
5.925 -5.77644
6.0375 -5.78234
6.15 -5.78803
6.2625 -5.79353
6.375 -5.79884
6.4875 -5.80398
6.6 -5.80896
6.7125 -5.81377
6.825 -5.81844
6.9375 -5.82297
7.05 -5.82734
7.1625 -5.8316
7.275 -5.83573
7.3875 -5.83974
7.5 -5.84363
7.6125 -5.84742
7.725 -5.8511
7.8375 -5.85468
7.95 -5.85816
8.0625 -5.86155
8.175 -5.86485
8.2875 -5.86806
8.4 -5.8712
8.5125 -5.87425
8.625 -5.87723
8.7375 -5.88013
8.85 -5.88296
8.9625 -5.88573
9.075 -5.88843
9.1875 -5.89106
9.3 -5.89364
9.4125 -5.89615
9.525 -5.89861
9.6375 -5.90102
9.75 -5.90337
9.8625 -5.90566
9.975 -5.90791
10.0875 -5.91011
10.2 -5.91227
10.3125 -5.91438
10.425 -5.91644
10.5375 -5.91846
10.65 -5.92044
10.7625 -5.92238
10.875 -5.92429
10.9875 -5.92615
11.1 -5.92798
11.2125 -5.92977
11.325 -5.93153
11.4375 -5.93326
11.55 -5.93495
11.6625 -5.93661
11.775 -5.93824
11.8875 -5.93984
12 -5.94141
12.1125 -5.94296
12.225 -5.94447
12.3375 -5.94596
12.45 -5.94743
12.5625 -5.94887
12.675 -5.95028
12.7875 -5.95167
12.9 -5.95304
13.0125 -5.95438
13.125 -5.9557
13.2375 -5.957
13.35 -5.95828
13.4625 -5.95953
13.575 -5.96077
13.6875 -5.96199
13.8 -5.96319
13.9125 -5.96437
14.025 -5.96553
14.1375 -5.96667
14.25 -5.9678
14.3625 -5.96891
14.475 -5.97
14.5875 -5.97107
14.7 -5.97213
14.8125 -5.97318
14.925 -5.97421
15.0375 -5.97522
15.15 -5.97622
15.2625 -5.9772
15.375 -5.97818
15.4875 -5.97913
15.6 -5.98008
15.7125 -5.98101
15.825 -5.98193
15.9375 -5.98283
16.05 -5.98372
16.1625 -5.9846
16.275 -5.98547
16.3875 -5.98633
16.5 -5.98718
16.6125 -5.98801
16.725 -5.98884
16.8375 -5.98965
16.95 -5.99045
17.0625 -5.99125
17.175 -5.99203
17.2875 -5.9928
17.4 -5.99356
17.5125 -5.99432
17.625 -5.99506
17.7375 -5.9958
17.85 -5.99652
17.9625 -5.99724
18.075 -5.99795
18.1875 -5.99865
18.3 -5.99934
18.4125 -6.00002
18.525 -6.0007
18.6375 -6.00136
18.75 -6.00202
18.8625 -6.00268
18.975 -6.00332
19.0875 -6.00396
19.2 -6.00459
19.3125 -6.00521
19.425 -6.00582
19.5375 -6.00643
19.65 -6.00703
19.7625 -6.00763
19.875 -6.00822
19.9875 -6.0088
20.1 -6.00937
20.2125 -6.00994
20.325 -6.01051
20.4375 -6.01106
20.55 -6.01162
20.6625 -6.01216
20.775 -6.0127
20.8875 -6.01323
21 -6.01376
21.1125 -6.01429
21.225 -6.0148
21.3375 -6.01532
21.45 -6.01582
21.5625 -6.01632
21.675 -6.01682
21.7875 -6.01731
21.9 -6.0178
22.0125 -6.01828
22.125 -6.01876
22.2375 -6.01923
22.35 -6.0197
22.4625 -6.02016
22.575 -6.02062
22.6875 -6.02107
22.8 -6.02152
22.9125 -6.02197
23.025 -6.02241
23.1375 -6.02285
23.25 -6.02328
23.3625 -6.02371
23.475 -6.02413
23.5875 -6.02455
23.7 -6.02497
23.8125 -6.02538
23.925 -6.02579
24.0375 -6.0262
24.15 -6.0266
24.2625 -6.027
24.375 -6.02739
24.4875 -6.02779
24.6 -6.02817
24.7125 -6.02856
24.825 -6.02894
24.9375 -6.02931
25.05 -6.02969
25.1625 -6.03006
25.275 -6.03043
25.3875 -6.03079
25.5 -6.03115
25.6125 -6.03151
25.725 -6.03187
25.8375 -6.03222
25.95 -6.03257
26.0625 -6.03291
26.175 -6.03326
26.2875 -6.0336
26.4 -6.03393
26.5125 -6.03427
26.625 -6.0346
26.7375 -6.03493
26.85 -6.03525
26.9625 -6.03558
27.075 -6.0359
27.1875 -6.03622
27.3 -6.03653
27.4125 -6.03685
27.525 -6.03716
27.6375 -6.03747
27.75 -6.03777
27.8625 -6.03808
27.975 -6.03838
28.0875 -6.03868
28.2 -6.03897
28.3125 -6.03927
28.425 -6.03956
28.5375 -6.03985
28.65 -6.04013
28.7625 -6.04042
28.875 -6.0407
28.9875 -6.04098
29.1 -6.04126
29.2125 -6.04154
29.325 -6.04181
29.4375 -6.04209
29.55 -6.04236
29.6625 -6.04262
29.775 -6.04289
29.8875 -6.04316
30 -6.04342
