-15 -21.1424
-14.8875 -21.0305
-14.775 -20.9185
-14.6625 -20.8066
-14.55 -20.6947
-14.4375 -20.5829
-14.325 -20.471
-14.2125 -20.3591
-14.1 -20.2473
-13.9875 -20.1355
-13.875 -20.0237
-13.7625 -19.9119
-13.65 -19.8002
-13.5375 -19.6884
-13.425 -19.5767
-13.3125 -19.465
-13.2 -19.3533
-13.0875 -19.2416
-12.975 -19.13
-12.8625 -19.0184
-12.75 -18.9068
-12.6375 -18.7952
-12.525 -18.6837
-12.4125 -18.5722
-12.3 -18.4607
-12.1875 -18.3492
-12.075 -18.2378
-11.9625 -18.1264
-11.85 -18.0151
-11.7375 -17.9037
-11.625 -17.7924
-11.5125 -17.6812
-11.4 -17.5699
-11.2875 -17.4588
-11.175 -17.3476
-11.0625 -17.2365
-10.95 -17.1255
-10.8375 -17.0144
-10.725 -16.9035
-10.6125 -16.7926
-10.5 -16.6817
-10.3875 -16.5709
-10.275 -16.4601
-10.1625 -16.3494
-10.05 -16.2388
-9.9375 -16.1282
-9.825 -16.0177
-9.7125 -15.9073
-9.6 -15.7969
-9.4875 -15.6866
-9.375 -15.5764
-9.2625 -15.4663
-9.15 -15.3563
-9.0375 -15.2463
-8.925 -15.1364
-8.8125 -15.0267
-8.7 -14.917
-8.5875 -14.8075
-8.475 -14.6981
-8.3625 -14.5888
-8.25 -14.4796
-8.1375 -14.3705
-8.025 -14.2616
-7.9125 -14.1528
-7.8 -14.0442
-7.6875 -13.9358
-7.575 -13.8275
-7.4625 -13.7194
-7.35 -13.6115
-7.2375 -13.5037
-7.125 -13.3962
-7.0125 -13.289
-6.9 -13.1819
-6.7875 -13.0751
-6.675 -12.9686
-6.5625 -12.8624
-6.45 -12.7564
-6.3375 -12.6508
-6.225 -12.5454
-6.1125 -12.4405
-6 -12.336
-5.8875 -12.2318
-5.775 -12.1281
-5.6625 -12.0248
-5.55 -11.922
-5.4375 -11.8198
-5.325 -11.718
-5.2125 -11.6169
-5.1 -11.5164
-4.9875 -11.4166
-4.875 -11.3175
-4.7625 -11.2192
-4.65 -11.1217
-4.5375 -11.0252
-4.425 -10.9295
-4.3125 -10.835
-4.2 -10.7415
-4.0875 -10.6492
-3.975 -10.5582
-3.8625 -10.4686
-3.75 -10.3805
-3.6375 -10.294
-3.525 -10.2092
-3.4125 -10.1263
-3.3 -10.0454
-3.1875 -9.96677
-3.075 -9.89047
-2.9625 -9.81672
-2.85 -9.74573
-2.7375 -9.67773
-2.625 -9.61294
-2.5125 -9.55163
-2.4 -9.49405
-2.2875 -9.44049
-2.175 -9.39125
-2.0625 -9.34662
-1.95 -9.30691
-1.8375 -9.27243
-1.725 -9.24346
-1.6125 -9.22026
-1.5 -9.20304
-1.3875 -9.1919
-1.275 -9.18685
-1.1625 -9.18771
-1.05 -9.19403
-0.9375 -9.20505
-0.825 -9.21956
-0.7125 -9.23578
-0.6 -9.25131
-0.4875 -9.26309
-0.375 -9.26746
-0.2625 -9.2605
-0.15 -9.23845
-0.0375 -9.1984
0.075 -9.13887
0.1875 -9.06018
0.3 -8.96432
0.4125 -8.85457
0.525 -8.73479
0.6375 -8.60888
0.75 -8.48031
0.8625 -8.35193
0.975 -8.22592
1.0875 -8.10386
1.2 -7.98679
1.3125 -7.87537
1.425 -7.76993
1.5375 -7.67061
1.65 -7.57734
1.7625 -7.48999
1.875 -7.40833
1.9875 -7.33208
2.1 -7.26096
2.2125 -7.19466
2.325 -7.13288
2.4375 -7.07531
2.55 -7.02167
2.6625 -6.97167
2.775 -6.92505
2.8875 -6.88158
3 -6.84101
3.1125 -6.80313
3.225 -6.76774
3.3375 -6.73466
3.45 -6.70371
3.5625 -6.67474
3.675 -6.64761
3.7875 -6.62216
3.9 -6.59829
4.0125 -6.57588
4.125 -6.55481
4.2375 -6.535
4.35 -6.51636
4.4625 -6.4988
4.575 -6.48225
4.6875 -6.46664
4.8 -6.4519
4.9125 -6.43798
5.025 -6.42481
5.1375 -6.41236
5.25 -6.40056
5.3625 -6.38939
5.475 -6.37879
5.5875 -6.36874
5.7 -6.35919
5.8125 -6.35012
5.925 -6.3415
6.0375 -6.3333
6.15 -6.32549
6.2625 -6.31805
6.375 -6.31096
6.4875 -6.3042
6.6 -6.29775
6.7125 -6.29159
6.825 -6.2857
6.9375 -6.28008
7.05 -6.2747
7.1625 -6.26955
7.275 -6.26462
7.3875 -6.2599
7.5 -6.25538
7.6125 -6.25104
7.725 -6.24688
7.8375 -6.24289
7.95 -6.23905
8.0625 -6.23537
8.175 -6.23183
8.2875 -6.22843
8.4 -6.22516
8.5125 -6.22201
8.625 -6.21898
8.7375 -6.21606
8.85 -6.21325
8.9625 -6.21054
9.075 -6.20792
9.1875 -6.2054
9.3 -6.20297
9.4125 -6.20063
9.525 -6.19836
9.6375 -6.19617
9.75 -6.19406
9.8625 -6.19202
9.975 -6.19004
10.0875 -6.18813
10.2 -6.18629
10.3125 -6.1845
10.425 -6.18277
10.5375 -6.18109
10.65 -6.17947
10.7625 -6.1779
10.875 -6.17638
10.9875 -6.1749
11.1 -6.17347
11.2125 -6.17208
11.325 -6.17073
11.4375 -6.16943
11.55 -6.16816
11.6625 -6.16693
11.775 -6.16573
11.8875 -6.16457
12 -6.16345
12.1125 -6.16235
12.225 -6.16128
12.3375 -6.16025
12.45 -6.15924
12.5625 -6.15826
12.675 -6.15731
12.7875 -6.15639
12.9 -6.15549
13.0125 -6.15461
13.125 -6.15375
13.2375 -6.15292
13.35 -6.15211
13.4625 -6.15132
13.575 -6.15055
13.6875 -6.1498
13.8 -6.14907
13.9125 -6.14836
14.025 -6.14767
14.1375 -6.14699
14.25 -6.14633
14.3625 -6.14569
14.475 -6.14506
14.5875 -6.14444
14.7 -6.14385
14.8125 -6.14326
14.925 -6.14269
15.0375 -6.14214
15.15 -6.14159
15.2625 -6.14106
15.375 -6.14054
15.4875 -6.14004
15.6 -6.13954
15.7125 -6.13906
15.825 -6.13858
15.9375 -6.13812
16.05 -6.13767
16.1625 -6.13723
16.275 -6.1368
16.3875 -6.13637
16.5 -6.13596
16.6125 -6.13556
16.725 -6.13516
16.8375 -6.13477
16.95 -6.1344
17.0625 -6.13403
17.175 -6.13366
17.2875 -6.13331
17.4 -6.13296
17.5125 -6.13262
17.625 -6.13229
17.7375 -6.13196
17.85 -6.13164
17.9625 -6.13132
18.075 -6.13102
18.1875 -6.13072
18.3 -6.13042
18.4125 -6.13013
18.525 -6.12985
18.6375 -6.12957
18.75 -6.1293
18.8625 -6.12903
18.975 -6.12877
19.0875 -6.12851
19.2 -6.12826
19.3125 -6.12802
19.425 -6.12777
19.5375 -6.12754
19.65 -6.1273
19.7625 -6.12707
19.875 -6.12685
19.9875 -6.12663
20.1 -6.12641
20.2125 -6.1262
20.325 -6.12599
20.4375 -6.12579
20.55 -6.12559
20.6625 -6.12539
20.775 -6.1252
20.8875 -6.12501
21 -6.12482
21.1125 -6.12464
21.225 -6.12446
21.3375 -6.12428
21.45 -6.12411
21.5625 -6.12394
21.675 -6.12377
21.7875 -6.1236
21.9 -6.12344
22.0125 -6.12328
22.125 -6.12313
22.2375 -6.12297
22.35 -6.12282
22.4625 -6.12267
22.575 -6.12253
22.6875 -6.12238
22.8 -6.12224
22.9125 -6.1221
23.025 -6.12197
23.1375 -6.12183
23.25 -6.1217
23.3625 -6.12157
23.475 -6.12144
23.5875 -6.12132
23.7 -6.1212
23.8125 -6.12107
23.925 -6.12095
24.0375 -6.12084
24.15 -6.12072
24.2625 -6.12061
24.375 -6.1205
24.4875 -6.12038
24.6 -6.12028
24.7125 -6.12017
24.825 -6.12006
24.9375 -6.11996
25.05 -6.11986
25.1625 -6.11976
25.275 -6.11966
25.3875 -6.11956
25.5 -6.11947
25.6125 -6.11937
25.725 -6.11928
25.8375 -6.11919
25.95 -6.1191
26.0625 -6.11901
26.175 -6.11892
26.2875 -6.11884
26.4 -6.11875
26.5125 -6.11867
26.625 -6.11859
26.7375 -6.11851
26.85 -6.11843
26.9625 -6.11835
27.075 -6.11827
27.1875 -6.11819
27.3 -6.11812
27.4125 -6.11805
27.525 -6.11797
27.6375 -6.1179
27.75 -6.11783
27.8625 -6.11776
27.975 -6.11769
28.0875 -6.11762
28.2 -6.11756
28.3125 -6.11749
28.425 -6.11743
28.5375 -6.11736
28.65 -6.1173
28.7625 -6.11724
28.875 -6.11717
28.9875 -6.11711
29.1 -6.11705
29.2125 -6.117
29.325 -6.11694
29.4375 -6.11688
29.55 -6.11682
29.6625 -6.11677
29.775 -6.11671
29.8875 -6.11666
30 -6.11661
