-15 -18.3899
-14.8875 -18.2766
-14.775 -18.1633
-14.6625 -18.0499
-14.55 -17.9366
-14.4375 -17.8232
-14.325 -17.7098
-14.2125 -17.5964
-14.1 -17.483
-13.9875 -17.3695
-13.875 -17.2561
-13.7625 -17.1426
-13.65 -17.0291
-13.5375 -16.9156
-13.425 -16.8021
-13.3125 -16.6886
-13.2 -16.575
-13.0875 -16.4615
-12.975 -16.3479
-12.8625 -16.2343
-12.75 -16.1207
-12.6375 -16.007
-12.525 -15.8934
-12.4125 -15.7797
-12.3 -15.666
-12.1875 -15.5523
-12.075 -15.4385
-11.9625 -15.3245
-11.85 -15.2107
-11.7375 -15.0969
-11.625 -14.9831
-11.5125 -14.8692
-11.4 -14.7554
-11.2875 -14.6415
-11.175 -14.5275
-11.0625 -14.4136
-10.95 -14.2996
-10.8375 -14.1856
-10.725 -14.0716
-10.6125 -13.9575
-10.5 -13.8434
-10.3875 -13.7293
-10.275 -13.6152
-10.1625 -13.501
-10.05 -13.3868
-9.9375 -13.2725
-9.825 -13.1582
-9.7125 -13.0439
-9.6 -12.9295
-9.4875 -12.8151
-9.375 -12.7007
-9.2625 -12.5862
-9.15 -12.4717
-9.0375 -12.3571
-8.925 -12.2425
-8.8125 -12.1279
-8.7 -12.0131
-8.5875 -11.8984
-8.475 -11.7836
-8.3625 -11.6687
-8.25 -11.5538
-8.1375 -11.4388
-8.025 -11.3238
-7.9125 -11.2087
-7.8 -11.0936
-7.6875 -10.9784
-7.575 -10.8631
-7.4625 -10.7477
-7.35 -10.6323
-7.2375 -10.5168
-7.125 -10.4012
-7.0125 -10.2856
-6.9 -10.1698
-6.7875 -10.054
-6.675 -9.93806
-6.5625 -9.82204
-6.45 -9.70592
-6.3375 -9.58971
-6.225 -9.47339
-6.1125 -9.35695
-6 -9.24041
-5.8875 -9.12374
-5.775 -9.00694
-5.6625 -8.89002
-5.55 -8.77296
-5.4375 -8.65576
-5.325 -8.53841
-5.2125 -8.4209
-5.1 -8.30324
-4.9875 -8.1854
-4.875 -8.06739
-4.7625 -7.94918
-4.65 -7.83079
-4.5375 -7.71219
-4.425 -7.59338
-4.3125 -7.47434
-4.2 -7.35507
-4.0875 -7.23554
-3.975 -7.11576
-3.8625 -6.99571
-3.75 -6.87537
-3.6375 -6.75472
-3.525 -6.63376
-3.4125 -6.51247
-3.3 -6.39082
-3.1875 -6.26879
-3.075 -6.14638
-2.9625 -6.02356
-2.85 -5.9003
-2.7375 -5.77659
-2.625 -5.6524
-2.5125 -5.52771
-2.4 -5.4025
-2.2875 -5.27674
-2.175 -5.15043
-2.0625 -5.02355
-1.95 -4.89609
-1.8375 -4.76807
-1.725 -4.6395
-1.6125 -4.51043
-1.5 -4.38094
-1.3875 -4.25117
-1.275 -4.12132
-1.1625 -3.99167
-1.05 -3.86264
-0.9375 -3.73483
-0.825 -3.60902
-0.7125 -3.4863
-0.6 -3.36803
-0.4875 -3.2559
-0.375 -3.15185
-0.2625 -3.05797
-0.15 -2.97618
-0.0375 -2.90798
0.075 -2.85414
0.1875 -2.81449
0.3 -2.78801
0.4125 -2.77301
0.525 -2.76747
0.6375 -2.76936
0.75 -2.77679
0.8625 -2.78817
0.975 -2.80225
1.0875 -2.81805
1.2 -2.83484
1.3125 -2.8521
1.425 -2.86945
1.5375 -2.88664
1.65 -2.9035
1.7625 -2.91991
1.875 -2.9358
1.9875 -2.95114
2.1 -2.96591
2.2125 -2.9801
2.325 -2.99372
2.4375 -3.00679
2.55 -3.01933
2.6625 -3.03135
2.775 -3.04288
2.8875 -3.05394
3 -3.06455
3.1125 -3.07473
3.225 -3.08451
3.3375 -3.09391
3.45 -3.10294
3.5625 -3.11162
3.675 -3.11997
3.7875 -3.12802
3.9 -3.13576
4.0125 -3.14322
4.125 -3.15041
4.2375 -3.15735
4.35 -3.16404
4.4625 -3.17051
4.575 -3.17675
4.6875 -3.18278
4.8 -3.18861
4.9125 -3.19424
5.025 -3.1997
5.1375 -3.20498
5.25 -3.21009
5.3625 -3.21504
5.475 -3.21984
5.5875 -3.2245
5.7 -3.22901
5.8125 -3.23339
5.925 -3.23764
6.0375 -3.24177
6.15 -3.24578
6.2625 -3.24967
6.375 -3.25346
6.4875 -3.25714
6.6 -3.26072
6.7125 -3.26421
6.825 -3.2676
6.9375 -3.2709
7.05 -3.27412
7.1625 -3.27725
7.275 -3.2803
7.3875 -3.28328
7.5 -3.28618
7.6125 -3.28901
7.725 -3.29177
7.8375 -3.29447
7.95 -3.2971
8.0625 -3.29967
8.175 -3.30218
8.2875 -3.30463
8.4 -3.30702
8.5125 -3.30936
8.625 -3.31165
8.7375 -3.31389
8.85 -3.31608
8.9625 -3.31822
9.075 -3.32032
9.1875 -3.32237
9.3 -3.32437
9.4125 -3.32634
9.525 -3.32827
9.6375 -3.33015
9.75 -3.332
9.8625 -3.33381
9.975 -3.33559
10.0875 -3.33733
10.2 -3.33904
10.3125 -3.34071
10.425 -3.34235
10.5375 -3.34396
10.65 -3.34554
10.7625 -3.34709
10.875 -3.34862
10.9875 -3.35011
11.1 -3.35158
11.2125 -3.35302
11.325 -3.35444
11.4375 -3.35583
11.55 -3.3572
11.6625 -3.35854
11.775 -3.35986
11.8875 -3.36116
12 -3.36243
12.1125 -3.36369
12.225 -3.36492
12.3375 -3.36614
12.45 -3.36733
12.5625 -3.3685
12.675 -3.36966
12.7875 -3.37079
12.9 -3.37191
13.0125 -3.37302
13.125 -3.3741
13.2375 -3.37517
13.35 -3.37622
13.4625 -3.37725
13.575 -3.37827
13.6875 -3.37928
13.8 -3.38027
13.9125 -3.38124
14.025 -3.3822
14.1375 -3.38315
14.25 -3.38408
14.3625 -3.385
14.475 -3.3859
14.5875 -3.3868
14.7 -3.38768
14.8125 -3.38855
14.925 -3.3894
15.0375 -3.39025
15.15 -3.39108
15.2625 -3.3919
15.375 -3.39271
15.4875 -3.39351
15.6 -3.3943
15.7125 -3.39508
15.825 -3.39585
15.9375 -3.39661
16.05 -3.39735
16.1625 -3.39809
16.275 -3.39882
16.3875 -3.39954
16.5 -3.40025
16.6125 -3.40096
16.725 -3.40165
16.8375 -3.40233
16.95 -3.40301
17.0625 -3.40368
17.175 -3.40434
17.2875 -3.40499
17.4 -3.40563
17.5125 -3.40627
17.625 -3.4069
17.7375 -3.40752
17.85 -3.40813
17.9625 -3.40874
18.075 -3.40934
18.1875 -3.40993
18.3 -3.41052
18.4125 -3.4111
18.525 -3.41167
18.6375 -3.41224
18.75 -3.4128
18.8625 -3.41335
18.975 -3.4139
19.0875 -3.41444
19.2 -3.41498
19.3125 -3.41551
19.425 -3.41603
19.5375 -3.41655
19.65 -3.41706
19.7625 -3.41757
19.875 -3.41807
19.9875 -3.41857
20.1 -3.41906
20.2125 -3.41954
20.325 -3.42002
20.4375 -3.4205
20.55 -3.42097
20.6625 -3.42144
20.775 -3.4219
20.8875 -3.42236
21 -3.42281
21.1125 -3.42326
21.225 -3.4237
21.3375 -3.42414
21.45 -3.42457
21.5625 -3.425
21.675 -3.42543
21.7875 -3.42585
21.9 -3.42627
22.0125 -3.42668
22.125 -3.42709
22.2375 -3.4275
22.35 -3.4279
22.4625 -3.4283
22.575 -3.42869
22.6875 -3.42908
22.8 -3.42947
22.9125 -3.42985
23.025 -3.43023
23.1375 -3.43061
23.25 -3.43098
23.3625 -3.43135
23.475 -3.43172
23.5875 -3.43208
23.7 -3.43244
23.8125 -3.4328
23.925 -3.43315
24.0375 -3.4335
24.15 -3.43385
24.2625 -3.43419
24.375 -3.43453
24.4875 -3.43487
24.6 -3.4352
24.7125 -3.43554
24.825 -3.43587
24.9375 -3.43619
25.05 -3.43652
25.1625 -3.43684
25.275 -3.43715
25.3875 -3.43747
25.5 -3.43778
25.6125 -3.43809
25.725 -3.4384
25.8375 -3.43871
25.95 -3.43901
26.0625 -3.43931
26.175 -3.43961
26.2875 -3.4399
26.4 -3.44019
26.5125 -3.44048
26.625 -3.44077
26.7375 -3.44106
26.85 -3.44134
26.9625 -3.44162
27.075 -3.4419
27.1875 -3.44218
27.3 -3.44245
27.4125 -3.44272
27.525 -3.44299
27.6375 -3.44326
27.75 -3.44353
27.8625 -3.44379
27.975 -3.44405
28.0875 -3.44431
28.2 -3.44457
28.3125 -3.44483
28.425 -3.44508
28.5375 -3.44533
28.65 -3.44558
28.7625 -3.44583
28.875 -3.44608
28.9875 -3.44632
29.1 -3.44657
29.2125 -3.44681
29.325 -3.44705
29.4375 -3.44729
29.55 -3.44752
29.6625 -3.44776
29.775 -3.44799
29.8875 -3.44822
30 -3.44845
