-15 -18.0298
-14.8875 -17.9187
-14.775 -17.8076
-14.6625 -17.6965
-14.55 -17.5854
-14.4375 -17.4744
-14.325 -17.3633
-14.2125 -17.2523
-14.1 -17.1414
-13.9875 -17.0304
-13.875 -16.9195
-13.7625 -16.8086
-13.65 -16.6977
-13.5375 -16.5869
-13.425 -16.476
-13.3125 -16.3652
-13.2 -16.2545
-13.0875 -16.1438
-12.975 -16.0331
-12.8625 -15.9224
-12.75 -15.8118
-12.6375 -15.7012
-12.525 -15.5906
-12.4125 -15.4801
-12.3 -15.3696
-12.1875 -15.2592
-12.075 -15.1488
-11.9625 -15.0384
-11.85 -14.9281
-11.7375 -14.8178
-11.625 -14.7075
-11.5125 -14.5973
-11.4 -14.4872
-11.2875 -14.3771
-11.175 -14.2671
-11.0625 -14.1571
-10.95 -14.0472
-10.8375 -13.9373
-10.725 -13.8275
-10.6125 -13.7178
-10.5 -13.6081
-10.3875 -13.4985
-10.275 -13.3889
-10.1625 -13.2795
-10.05 -13.1701
-9.9375 -13.0607
-9.825 -12.9515
-9.7125 -12.8423
-9.6 -12.7333
-9.4875 -12.6243
-9.375 -12.5154
-9.2625 -12.4066
-9.15 -12.2979
-9.0375 -12.1893
-8.925 -12.0808
-8.8125 -11.9724
-8.7 -11.8642
-8.5875 -11.756
-8.475 -11.648
-8.3625 -11.5402
-8.25 -11.4324
-8.1375 -11.3248
-8.025 -11.2174
-7.9125 -11.1101
-7.8 -11.003
-7.6875 -10.8961
-7.575 -10.7893
-7.4625 -10.6828
-7.35 -10.5764
-7.2375 -10.4703
-7.125 -10.3644
-7.0125 -10.2587
-6.9 -10.1532
-6.7875 -10.0481
-6.675 -9.94315
-6.5625 -9.83853
-6.45 -9.73422
-6.3375 -9.63023
-6.225 -9.52658
-6.1125 -9.42328
-6 -9.32037
-5.8875 -9.21786
-5.775 -9.11578
-5.6625 -9.01415
-5.55 -8.91301
-5.4375 -8.81237
-5.325 -8.71228
-5.2125 -8.61276
-5.1 -8.51387
-4.9875 -8.41563
-4.875 -8.31809
-4.7625 -8.22131
-4.65 -8.12533
-4.5375 -8.0302
-4.425 -7.936
-4.3125 -7.84278
-4.2 -7.75063
-4.0875 -7.65961
-3.975 -7.56981
-3.8625 -7.48133
-3.75 -7.39427
-3.6375 -7.30873
-3.525 -7.22485
-3.4125 -7.14274
-3.3 -7.06256
-3.1875 -6.98445
-3.075 -6.90858
-2.9625 -6.83514
-2.85 -6.76433
-2.7375 -6.69635
-2.625 -6.63145
-2.5125 -6.56986
-2.4 -6.51185
-2.2875 -6.45769
-2.175 -6.40769
-2.0625 -6.36215
-1.95 -6.32138
-1.8375 -6.28569
-1.725 -6.25537
-1.6125 -6.2307
-1.5 -6.2119
-1.3875 -6.1991
-1.275 -6.19234
-1.1625 -6.19146
-1.05 -6.19604
-0.9375 -6.20536
-0.825 -6.21823
-0.7125 -6.23293
-0.6 -6.24709
-0.4875 -6.25767
-0.375 -6.26106
-0.2625 -6.25334
-0.15 -6.23079
-0.0375 -6.19051
0.075 -6.13104
0.1875 -6.05266
0.3 -5.95739
0.4125 -5.84847
0.525 -5.72976
0.6375 -5.60511
0.75 -5.47796
0.8625 -5.35114
0.975 -5.22679
1.0875 -5.10644
1.2 -4.99112
1.3125 -4.88143
1.425 -4.7777
1.5375 -4.68
1.65 -4.58828
1.7625 -4.50236
1.875 -4.422
1.9875 -4.34692
2.1 -4.27682
2.2125 -4.21138
2.325 -4.1503
2.4375 -4.09327
2.55 -4.04
2.6625 -3.99023
2.775 -3.94368
2.8875 -3.90013
3 -3.85934
3.1125 -3.82111
3.225 -3.78524
3.3375 -3.75156
3.45 -3.7199
3.5625 -3.69012
3.675 -3.66207
3.7875 -3.63563
3.9 -3.61067
4.0125 -3.5871
4.125 -3.56482
4.2375 -3.54372
4.35 -3.52374
4.4625 -3.5048
4.575 -3.48681
4.6875 -3.46973
4.8 -3.45349
4.9125 -3.43803
5.025 -3.4233
5.1375 -3.40926
5.25 -3.39587
5.3625 -3.38308
5.475 -3.37086
5.5875 -3.35917
5.7 -3.34798
5.8125 -3.33726
5.925 -3.32699
6.0375 -3.31713
6.15 -3.30767
6.2625 -3.29859
6.375 -3.28985
6.4875 -3.28145
6.6 -3.27337
6.7125 -3.26558
6.825 -3.25808
6.9375 -3.25085
7.05 -3.24387
7.1625 -3.23714
7.275 -3.23063
7.3875 -3.22435
7.5 -3.21827
7.6125 -3.21239
7.725 -3.20671
7.8375 -3.2012
7.95 -3.19587
8.0625 -3.19069
8.175 -3.18568
8.2875 -3.18082
8.4 -3.1761
8.5125 -3.17151
8.625 -3.16706
8.7375 -3.16274
8.85 -3.15854
8.9625 -3.15445
9.075 -3.15047
9.1875 -3.1466
9.3 -3.14284
9.4125 -3.13917
9.525 -3.13559
9.6375 -3.13211
9.75 -3.12872
9.8625 -3.12541
9.975 -3.12218
10.0875 -3.11903
10.2 -3.11595
10.3125 -3.11295
10.425 -3.11001
10.5375 -3.10715
10.65 -3.10435
10.7625 -3.10161
10.875 -3.09894
10.9875 -3.09632
11.1 -3.09376
11.2125 -3.09125
11.325 -3.0888
11.4375 -3.0864
11.55 -3.08405
11.6625 -3.08175
11.775 -3.07949
11.8875 -3.07728
12 -3.07512
12.1125 -3.07299
12.225 -3.07091
12.3375 -3.06887
12.45 -3.06686
12.5625 -3.0649
12.675 -3.06297
12.7875 -3.06108
12.9 -3.05922
13.0125 -3.05739
13.125 -3.0556
13.2375 -3.05384
13.35 -3.05211
13.4625 -3.05041
13.575 -3.04874
13.6875 -3.0471
13.8 -3.04549
13.9125 -3.0439
14.025 -3.04234
14.1375 -3.0408
14.25 -3.0393
14.3625 -3.03781
14.475 -3.03635
14.5875 -3.03491
14.7 -3.03349
14.8125 -3.0321
14.925 -3.03073
15.0375 -3.02938
15.15 -3.02804
15.2625 -3.02673
15.375 -3.02544
15.4875 -3.02417
15.6 -3.02292
15.7125 -3.02168
15.825 -3.02046
15.9375 -3.01926
16.05 -3.01808
16.1625 -3.01691
16.275 -3.01576
16.3875 -3.01463
16.5 -3.01351
16.6125 -3.0124
16.725 -3.01131
16.8375 -3.01024
16.95 -3.00918
17.0625 -3.00813
17.175 -3.0071
17.2875 -3.00608
17.4 -3.00508
17.5125 -3.00408
17.625 -3.0031
17.7375 -3.00214
17.85 -3.00118
17.9625 -3.00024
18.075 -2.9993
18.1875 -2.99838
18.3 -2.99747
18.4125 -2.99657
18.525 -2.99568
18.6375 -2.99481
18.75 -2.99394
18.8625 -2.99308
18.975 -2.99224
19.0875 -2.9914
19.2 -2.99057
19.3125 -2.98975
19.425 -2.98894
19.5375 -2.98814
19.65 -2.98735
19.7625 -2.98657
19.875 -2.9858
19.9875 -2.98503
20.1 -2.98428
20.2125 -2.98353
20.325 -2.98279
20.4375 -2.98205
20.55 -2.98133
20.6625 -2.98061
20.775 -2.9799
20.8875 -2.9792
21 -2.97851
21.1125 -2.97782
21.225 -2.97714
21.3375 -2.97646
21.45 -2.9758
21.5625 -2.97514
21.675 -2.97448
21.7875 -2.97384
21.9 -2.97319
22.0125 -2.97256
22.125 -2.97193
22.2375 -2.97131
22.35 -2.97069
22.4625 -2.97008
22.575 -2.96948
22.6875 -2.96888
22.8 -2.96829
22.9125 -2.9677
23.025 -2.96712
23.1375 -2.96654
23.25 -2.96597
23.3625 -2.9654
23.475 -2.96484
23.5875 -2.96429
23.7 -2.96373
23.8125 -2.96319
23.925 -2.96265
24.0375 -2.96211
24.15 -2.96158
24.2625 -2.96105
24.375 -2.96053
24.4875 -2.96001
24.6 -2.9595
24.7125 -2.95899
24.825 -2.95849
24.9375 -2.95799
25.05 -2.95749
25.1625 -2.957
25.275 -2.95651
25.3875 -2.95603
25.5 -2.95555
25.6125 -2.95507
25.725 -2.9546
25.8375 -2.95413
25.95 -2.95367
26.0625 -2.95321
26.175 -2.95275
26.2875 -2.9523
26.4 -2.95185
26.5125 -2.9514
26.625 -2.95096
26.7375 -2.95052
26.85 -2.95008
26.9625 -2.94965
27.075 -2.94922
27.1875 -2.9488
27.3 -2.94838
27.4125 -2.94796
27.525 -2.94754
27.6375 -2.94713
27.75 -2.94672
27.8625 -2.94631
27.975 -2.94591
28.0875 -2.94551
28.2 -2.94511
28.3125 -2.94472
28.425 -2.94433
28.5375 -2.94394
28.65 -2.94355
28.7625 -2.94317
28.875 -2.94279
28.9875 -2.94241
29.1 -2.94204
29.2125 -2.94166
29.325 -2.94129
29.4375 -2.94093
29.55 -2.94056
29.6625 -2.9402
29.775 -2.93984
29.8875 -2.93949
30 -2.93913
