-15 -17.7663
-14.8875 -17.6534
-14.775 -17.5404
-14.6625 -17.4275
-14.55 -17.3146
-14.4375 -17.2016
-14.325 -17.0886
-14.2125 -16.9757
-14.1 -16.8627
-13.9875 -16.7497
-13.875 -16.6367
-13.7625 -16.5237
-13.65 -16.4107
-13.5375 -16.2977
-13.425 -16.1847
-13.3125 -16.0716
-13.2 -15.9586
-13.0875 -15.8455
-12.975 -15.7324
-12.8625 -15.6193
-12.75 -15.5062
-12.6375 -15.3931
-12.525 -15.28
-12.4125 -15.1669
-12.3 -15.0537
-12.1875 -14.9405
-12.075 -14.8273
-11.9625 -14.7142
-11.85 -14.601
-11.7375 -14.4878
-11.625 -14.3745
-11.5125 -14.2613
-11.4 -14.1481
-11.2875 -14.0348
-11.175 -13.9215
-11.0625 -13.8082
-10.95 -13.6949
-10.8375 -13.5816
-10.725 -13.4682
-10.6125 -13.3549
-10.5 -13.2415
-10.3875 -13.1281
-10.275 -13.0147
-10.1625 -12.9012
-10.05 -12.7878
-9.9375 -12.6743
-9.825 -12.5608
-9.7125 -12.4473
-9.6 -12.3337
-9.4875 -12.2201
-9.375 -12.1065
-9.2625 -11.9929
-9.15 -11.8792
-9.0375 -11.7656
-8.925 -11.6518
-8.8125 -11.5381
-8.7 -11.4243
-8.5875 -11.3105
-8.475 -11.1967
-8.3625 -11.0828
-8.25 -10.9689
-8.1375 -10.8549
-8.025 -10.7409
-7.9125 -10.6268
-7.8 -10.5128
-7.6875 -10.3986
-7.575 -10.2844
-7.4625 -10.1702
-7.35 -10.0559
-7.2375 -9.94158
-7.125 -9.82718
-7.0125 -9.71272
-6.9 -9.59819
-6.7875 -9.4836
-6.675 -9.36894
-6.5625 -9.2542
-6.45 -9.13938
-6.3375 -9.02449
-6.225 -8.9095
-6.1125 -8.79443
-6 -8.67926
-5.8875 -8.56398
-5.775 -8.4486
-5.6625 -8.3331
-5.55 -8.21748
-5.4375 -8.10173
-5.325 -7.98585
-5.2125 -7.86982
-5.1 -7.75363
-4.9875 -7.63727
-4.875 -7.52074
-4.7625 -7.40402
-4.65 -7.2871
-4.5375 -7.16996
-4.425 -7.05258
-4.3125 -6.93496
-4.2 -6.81707
-4.0875 -6.69889
-3.975 -6.58039
-3.8625 -6.46156
-3.75 -6.34237
-3.6375 -6.22278
-3.525 -6.10277
-3.4125 -5.98229
-3.3 -5.86132
-3.1875 -5.7398
-3.075 -5.61768
-2.9625 -5.49493
-2.85 -5.37147
-2.7375 -5.24724
-2.625 -5.12218
-2.5125 -4.9962
-2.4 -4.86922
-2.2875 -4.74115
-2.175 -4.61188
-2.0625 -4.4813
-1.95 -4.34931
-1.8375 -4.21576
-1.725 -4.08054
-1.6125 -3.94352
-1.5 -3.80459
-1.3875 -3.66366
-1.275 -3.52068
-1.1625 -3.37571
-1.05 -3.22893
-0.9375 -3.08076
-0.825 -2.93195
-0.7125 -2.78378
-0.6 -2.63819
-0.4875 -2.49801
-0.375 -2.36699
-0.2625 -2.24968
-0.15 -2.15078
-0.0375 -2.07422
0.075 -2.02208
0.1875 -1.99393
0.3 -1.98697
0.4125 -1.99688
0.525 -2.01892
0.6375 -2.04878
0.75 -2.083
0.8625 -2.11906
0.975 -2.15527
1.0875 -2.19054
1.2 -2.22425
1.3125 -2.25607
1.425 -2.28586
1.5375 -2.31362
1.65 -2.33941
1.7625 -2.36331
1.875 -2.38546
1.9875 -2.40597
2.1 -2.42498
2.2125 -2.44261
2.325 -2.45896
2.4375 -2.47416
2.55 -2.4883
2.6625 -2.50146
2.775 -2.51374
2.8875 -2.5252
3 -2.53592
3.1125 -2.54596
3.225 -2.55537
3.3375 -2.5642
3.45 -2.5725
3.5625 -2.58032
3.675 -2.58769
3.7875 -2.59464
3.9 -2.60121
4.0125 -2.60743
4.125 -2.61331
4.2375 -2.6189
4.35 -2.6242
4.4625 -2.62924
4.575 -2.63403
4.6875 -2.6386
4.8 -2.64295
4.9125 -2.64711
5.025 -2.65108
5.1375 -2.65487
5.25 -2.65851
5.3625 -2.66199
5.475 -2.66533
5.5875 -2.66854
5.7 -2.67161
5.8125 -2.67457
5.925 -2.67742
6.0375 -2.68016
6.15 -2.6828
6.2625 -2.68534
6.375 -2.68772
6.4875 -2.69016
6.6 -2.69245
6.7125 -2.69466
6.825 -2.6968
6.9375 -2.69887
7.05 -2.70088
7.1625 -2.70282
7.275 -2.7047
7.3875 -2.70652
7.5 -2.70829
7.6125 -2.71001
7.725 -2.71167
7.8375 -2.71329
7.95 -2.71487
8.0625 -2.7164
8.175 -2.71788
8.2875 -2.71933
8.4 -2.72074
8.5125 -2.72211
8.625 -2.72345
8.7375 -2.72475
8.85 -2.72602
8.9625 -2.72725
9.075 -2.72846
9.1875 -2.72964
9.3 -2.73079
9.4125 -2.73191
9.525 -2.733
9.6375 -2.73407
9.75 -2.73511
9.8625 -2.73613
9.975 -2.73713
10.0875 -2.73811
10.2 -2.73906
10.3125 -2.73999
10.425 -2.74091
10.5375 -2.7418
10.65 -2.74267
10.7625 -2.74353
10.875 -2.74437
10.9875 -2.74519
11.1 -2.74599
11.2125 -2.74678
11.325 -2.74755
11.4375 -2.74831
11.55 -2.74905
11.6625 -2.74978
11.775 -2.7505
11.8875 -2.7512
12 -2.75188
12.1125 -2.75256
12.225 -2.75322
12.3375 -2.75387
12.45 -2.75451
12.5625 -2.75513
12.675 -2.75575
12.7875 -2.75635
12.9 -2.75694
13.0125 -2.75753
13.125 -2.7581
13.2375 -2.75866
13.35 -2.75922
13.4625 -2.75976
13.575 -2.76029
13.6875 -2.76082
13.8 -2.76134
13.9125 -2.76185
14.025 -2.76235
14.1375 -2.76284
14.25 -2.76332
14.3625 -2.7638
14.475 -2.76427
14.5875 -2.76473
14.7 -2.76518
14.8125 -2.76563
14.925 -2.76607
15.0375 -2.76651
15.15 -2.76693
15.2625 -2.76735
15.375 -2.76777
15.4875 -2.76818
15.6 -2.76858
15.7125 -2.76898
15.825 -2.76937
15.9375 -2.76975
16.05 -2.77013
16.1625 -2.77051
16.275 -2.77087
16.3875 -2.77124
16.5 -2.7716
16.6125 -2.77195
16.725 -2.7723
16.8375 -2.77264
16.95 -2.77298
17.0625 -2.77332
17.175 -2.77365
17.2875 -2.77397
17.4 -2.77429
17.5125 -2.77461
17.625 -2.77492
17.7375 -2.77523
17.85 -2.77554
17.9625 -2.77584
18.075 -2.77614
18.1875 -2.77643
18.3 -2.77672
18.4125 -2.77701
18.525 -2.77729
18.6375 -2.77757
18.75 -2.77784
18.8625 -2.77811
18.975 -2.77838
19.0875 -2.77865
19.2 -2.77891
19.3125 -2.77917
19.425 -2.77943
19.5375 -2.77968
19.65 -2.77993
19.7625 -2.78018
19.875 -2.78042
19.9875 -2.78066
20.1 -2.7809
20.2125 -2.78114
20.325 -2.78137
20.4375 -2.7816
20.55 -2.78183
20.6625 -2.78205
20.775 -2.78227
20.8875 -2.78249
21 -2.78271
21.1125 -2.78293
21.225 -2.78314
21.3375 -2.78335
21.45 -2.78356
21.5625 -2.78377
21.675 -2.78397
21.7875 -2.78417
21.9 -2.78437
22.0125 -2.78457
22.125 -2.78476
22.2375 -2.78496
22.35 -2.78515
22.4625 -2.78534
22.575 -2.78553
22.6875 -2.78571
22.8 -2.7859
22.9125 -2.78608
23.025 -2.78626
23.1375 -2.78643
23.25 -2.78661
23.3625 -2.78678
23.475 -2.78696
23.5875 -2.78713
23.7 -2.7873
23.8125 -2.78747
23.925 -2.78763
24.0375 -2.7878
24.15 -2.78796
24.2625 -2.78812
24.375 -2.78828
24.4875 -2.78844
24.6 -2.78859
24.7125 -2.78875
24.825 -2.7889
24.9375 -2.78905
25.05 -2.78921
25.1625 -2.78935
25.275 -2.7895
25.3875 -2.78965
25.5 -2.78979
25.6125 -2.78994
25.725 -2.79008
25.8375 -2.79022
25.95 -2.79036
26.0625 -2.7905
26.175 -2.79064
26.2875 -2.79078
26.4 -2.79091
26.5125 -2.79104
26.625 -2.79118
26.7375 -2.79131
26.85 -2.79144
26.9625 -2.79157
27.075 -2.7917
27.1875 -2.79182
27.3 -2.79195
27.4125 -2.79207
27.525 -2.7922
27.6375 -2.79232
27.75 -2.79244
27.8625 -2.79256
27.975 -2.79268
28.0875 -2.7928
28.2 -2.79292
28.3125 -2.79304
28.425 -2.79315
28.5375 -2.79327
28.65 -2.79338
28.7625 -2.79349
28.875 -2.7936
28.9875 -2.79372
29.1 -2.79383
29.2125 -2.79394
29.325 -2.79404
29.4375 -2.79415
29.55 -2.79426
29.6625 -2.79436
29.775 -2.79447
29.8875 -2.79457
30 -2.79468
