-15 -17.8171
-14.8875 -17.7045
-14.775 -17.5919
-14.6625 -17.4793
-14.55 -17.3667
-14.4375 -17.2542
-14.325 -17.1416
-14.2125 -17.029
-14.1 -16.9164
-13.9875 -16.8038
-13.875 -16.6912
-13.7625 -16.5786
-13.65 -16.4659
-13.5375 -16.3533
-13.425 -16.2407
-13.3125 -16.1281
-13.2 -16.0155
-13.0875 -15.9029
-12.975 -15.7903
-12.8625 -15.6776
-12.75 -15.565
-12.6375 -15.4524
-12.525 -15.3397
-12.4125 -15.2271
-12.3 -15.1145
-12.1875 -15.0018
-12.075 -14.8891
-11.9625 -14.7765
-11.85 -14.6638
-11.7375 -14.5512
-11.625 -14.4385
-11.5125 -14.3259
-11.4 -14.2132
-11.2875 -14.1005
-11.175 -13.9879
-11.0625 -13.8752
-10.95 -13.7625
-10.8375 -13.6499
-10.725 -13.5372
-10.6125 -13.4245
-10.5 -13.3118
-10.3875 -13.1992
-10.275 -13.0865
-10.1625 -12.9738
-10.05 -12.8611
-9.9375 -12.7484
-9.825 -12.6357
-9.7125 -12.523
-9.6 -12.4103
-9.4875 -12.2976
-9.375 -12.1849
-9.2625 -12.0722
-9.15 -11.9594
-9.0375 -11.8467
-8.925 -11.734
-8.8125 -11.6213
-8.7 -11.5085
-8.5875 -11.3958
-8.475 -11.2831
-8.3625 -11.1703
-8.25 -11.0576
-8.1375 -10.9448
-8.025 -10.8321
-7.9125 -10.7193
-7.8 -10.6066
-7.6875 -10.4938
-7.575 -10.3811
-7.4625 -10.2683
-7.35 -10.1555
-7.2375 -10.0428
-7.125 -9.92999
-7.0125 -9.81722
-6.9 -9.70444
-6.7875 -9.59167
-6.675 -9.4789
-6.5625 -9.36612
-6.45 -9.25335
-6.3375 -9.14057
-6.225 -9.0278
-6.1125 -8.91503
-6 -8.80227
-5.8875 -8.68951
-5.775 -8.57675
-5.6625 -8.46401
-5.55 -8.35127
-5.4375 -8.23854
-5.325 -8.12582
-5.2125 -8.01312
-5.1 -7.90044
-4.9875 -7.78777
-4.875 -7.67514
-4.7625 -7.56253
-4.65 -7.44995
-4.5375 -7.33741
-4.425 -7.22492
-4.3125 -7.11248
-4.2 -7.00011
-4.0875 -6.8878
-3.975 -6.77558
-3.8625 -6.66346
-3.75 -6.55145
-3.6375 -6.43957
-3.525 -6.32785
-3.4125 -6.21632
-3.3 -6.10499
-3.1875 -5.99392
-3.075 -5.88313
-2.9625 -5.7727
-2.85 -5.66267
-2.7375 -5.55311
-2.625 -5.44412
-2.5125 -5.33579
-2.4 -5.22825
-2.2875 -5.12163
-2.175 -5.01611
-2.0625 -4.91188
-1.95 -4.80918
-1.8375 -4.70828
-1.725 -4.6095
-1.6125 -4.51322
-1.5 -4.41984
-1.3875 -4.32984
-1.275 -4.2437
-1.1625 -4.16194
-1.05 -4.08504
-0.9375 -4.01341
-0.825 -3.94727
-0.7125 -3.88658
-0.6 -3.83087
-0.4875 -3.77918
-0.375 -3.73002
-0.2625 -3.68149
-0.15 -3.63157
-0.0375 -3.57859
0.075 -3.52166
0.1875 -3.46098
0.3 -3.39772
0.4125 -3.33374
0.525 -3.27105
0.6375 -3.21143
0.75 -3.15623
0.8625 -3.10621
0.975 -3.06168
1.0875 -3.0226
1.2 -2.98867
1.3125 -2.95945
1.425 -2.93443
1.5375 -2.91312
1.65 -2.89501
1.7625 -2.87967
1.875 -2.86669
1.9875 -2.85572
2.1 -2.84646
2.2125 -2.83865
2.325 -2.83206
2.4375 -2.8265
2.55 -2.82182
2.6625 -2.81788
2.775 -2.81457
2.8875 -2.81179
3 -2.80947
3.1125 -2.80753
3.225 -2.80591
3.3375 -2.80457
3.45 -2.80347
3.5625 -2.80257
3.675 -2.80185
3.7875 -2.80127
3.9 -2.80082
4.0125 -2.80048
4.125 -2.80023
4.2375 -2.80006
4.35 -2.79996
4.4625 -2.79991
4.575 -2.79992
4.6875 -2.79997
4.8 -2.80006
4.9125 -2.80018
5.025 -2.80033
5.1375 -2.8005
5.25 -2.80069
5.3625 -2.80089
5.475 -2.80111
5.5875 -2.80134
5.7 -2.80159
5.8125 -2.80184
5.925 -2.80209
6.0375 -2.80236
6.15 -2.80262
6.2625 -2.80289
6.375 -2.80316
6.4875 -2.80344
6.6 -2.80371
6.7125 -2.80399
6.825 -2.80426
6.9375 -2.80454
7.05 -2.80481
7.1625 -2.80508
7.275 -2.80535
7.3875 -2.80562
7.5 -2.80588
7.6125 -2.80615
7.725 -2.80642
7.8375 -2.80666
7.95 -2.80692
8.0625 -2.80717
8.175 -2.80742
8.2875 -2.80767
8.4 -2.80791
8.5125 -2.80815
8.625 -2.80838
8.7375 -2.80862
8.85 -2.80885
8.9625 -2.80907
9.075 -2.80929
9.1875 -2.80951
9.3 -2.80973
9.4125 -2.80994
9.525 -2.81015
9.6375 -2.81036
9.75 -2.81056
9.8625 -2.81076
9.975 -2.81096
10.0875 -2.81115
10.2 -2.81134
10.3125 -2.81153
10.425 -2.81172
10.5375 -2.8119
10.65 -2.81208
10.7625 -2.81225
10.875 -2.81242
10.9875 -2.81259
11.1 -2.81276
11.2125 -2.81292
11.325 -2.81309
11.4375 -2.81325
11.55 -2.8134
11.6625 -2.81355
11.775 -2.81371
11.8875 -2.81385
12 -2.814
12.1125 -2.81415
12.225 -2.81429
12.3375 -2.81442
12.45 -2.81456
12.5625 -2.8147
12.675 -2.81483
12.7875 -2.81496
12.9 -2.81509
13.0125 -2.81521
13.125 -2.81533
13.2375 -2.81546
13.35 -2.81558
13.4625 -2.81569
13.575 -2.81581
13.6875 -2.81592
13.8 -2.81603
13.9125 -2.81615
14.025 -2.81625
14.1375 -2.81636
14.25 -2.81646
14.3625 -2.81657
14.475 -2.81667
14.5875 -2.81677
14.7 -2.81687
14.8125 -2.81696
14.925 -2.81706
15.0375 -2.81715
15.15 -2.81725
15.2625 -2.81734
15.375 -2.81743
15.4875 -2.81751
15.6 -2.8176
15.7125 -2.81768
15.825 -2.81777
15.9375 -2.81785
16.05 -2.81793
16.1625 -2.81801
16.275 -2.81809
16.3875 -2.81817
16.5 -2.81824
16.6125 -2.81832
16.725 -2.81839
16.8375 -2.81847
16.95 -2.81854
17.0625 -2.81861
17.175 -2.81868
17.2875 -2.81875
17.4 -2.81881
17.5125 -2.81888
17.625 -2.81895
17.7375 -2.81901
17.85 -2.81907
17.9625 -2.81914
18.075 -2.8192
18.1875 -2.81926
18.3 -2.81932
18.4125 -2.81938
18.525 -2.81943
18.6375 -2.81949
18.75 -2.81955
18.8625 -2.8196
18.975 -2.81966
19.0875 -2.81971
19.2 -2.81976
19.3125 -2.81982
19.425 -2.81987
19.5375 -2.81992
19.65 -2.81997
19.7625 -2.82002
19.875 -2.82007
19.9875 -2.82011
20.1 -2.82016
20.2125 -2.82021
20.325 -2.82025
20.4375 -2.8203
20.55 -2.82034
20.6625 -2.82039
20.775 -2.82043
20.8875 -2.82047
21 -2.82052
21.1125 -2.82056
21.225 -2.8206
21.3375 -2.82064
21.45 -2.82068
21.5625 -2.82072
21.675 -2.82076
21.7875 -2.8208
21.9 -2.82083
22.0125 -2.82087
22.125 -2.82091
22.2375 -2.82094
22.35 -2.82098
22.4625 -2.82101
22.575 -2.82105
22.6875 -2.82108
22.8 -2.82112
22.9125 -2.82115
23.025 -2.82118
23.1375 -2.82121
23.25 -2.82125
23.3625 -2.82128
23.475 -2.82131
23.5875 -2.82134
23.7 -2.82137
23.8125 -2.8214
23.925 -2.82143
24.0375 -2.82146
24.15 -2.82149
24.2625 -2.82151
24.375 -2.82154
24.4875 -2.82157
24.6 -2.8216
24.7125 -2.82162
24.825 -2.82165
24.9375 -2.82168
25.05 -2.8217
25.1625 -2.82173
25.275 -2.82175
25.3875 -2.82178
25.5 -2.8218
25.6125 -2.82183
25.725 -2.82185
25.8375 -2.82187
25.95 -2.8219
26.0625 -2.82192
26.175 -2.82194
26.2875 -2.82196
26.4 -2.82199
26.5125 -2.82201
26.625 -2.82203
26.7375 -2.82205
26.85 -2.82207
26.9625 -2.82209
27.075 -2.82211
27.1875 -2.82213
27.3 -2.82215
27.4125 -2.82217
27.525 -2.82219
27.6375 -2.82221
27.75 -2.82223
27.8625 -2.82225
27.975 -2.82226
28.0875 -2.82228
28.2 -2.8223
28.3125 -2.82232
28.425 -2.82234
28.5375 -2.82235
28.65 -2.82237
28.7625 -2.82239
28.875 -2.8224
28.9875 -2.82242
29.1 -2.82243
29.2125 -2.82245
29.325 -2.82247
29.4375 -2.82248
29.55 -2.8225
29.6625 -2.82251
29.775 -2.82253
29.8875 -2.82254
30 -2.82256
